[[121.49617263]
 [119.6704493 ]
 [120.33550782]
 [120.47511707]
 [119.43126964]
 [118.0780867 ]
 [116.36947807]
 [113.01344005]
 [110.72656111]
 [109.15089209]
 [113.87911412]
 [116.14927442]
 [118.65572904]
 [122.90162601]
 [124.71253933]
 [123.71685448]
 [123.84390533]
 [124.10840723]
 [123.35134774]
 [123.45842746]
 [121.72617612]
 [117.43287426]
 [114.69108185]
 [112.07999134]
 [111.80914502]
 [128.70546101]
 [126.18804595]
 [127.15702682]
 [127.96709459]
 [130.5515367 ]
 [126.13773435]
 [120.17956216]
 [118.07201932]
 [118.82742599]
 [119.79595048]
 [122.61141013]
 [121.23440766]
 [118.31006009]
 [113.8233135 ]
 [111.27453964]
 [127.3913687 ]
 [126.98734449]
 [126.9279732 ]
 [127.5658522 ]
 [127.62892511]
 [126.53224992]
 [126.01989713]
 [124.54891433]
 [121.47003349]
 [118.05954586]
 [115.55388955]
 [113.24407088]
 [109.86842252]
 [107.5816524 ]
 [124.85591998]
 [125.9135269 ]
 [126.09204091]
 [125.24576015]
 [124.42360086]
 [123.27801047]
 [121.53877302]
 [120.20595076]
 [116.57816432]
 [114.07373621]
 [112.00573171]
 [108.45554388]
 [105.9007108 ]
 [105.54285734]
 [126.55928874]
 [127.53294928]
 [127.38117766]
 [126.12203817]
 [123.66422388]
 [121.92120106]
 [120.85871012]
 [118.54040013]
 [115.86707147]
 [112.97141986]
 [109.21719934]
 [105.51523554]
 [104.15338973]
 [127.42092918]
 [127.45932414]
 [126.89585597]
 [125.50336293]
 [123.36016293]
 [121.88117903]
 [120.20166388]
 [117.53808675]
 [114.57921065]
 [111.57690599]
 [108.02391485]
 [105.54289229]
 [100.64807434]
 [129.49127506]
 [129.85839691]
 [129.35441574]
 [127.902083  ]
 [126.87087863]
 [126.14466946]
 [124.31069056]
 [120.16143757]
 [116.78030718]
 [114.45262284]
 [112.14280417]
 [109.82257008]
 [127.94074146]
 [128.78500389]
 [127.4956594 ]
 [126.03627717]
 [124.20585414]
 [122.99350166]
 [121.13561584]
 [118.15168404]
 [114.63647335]
 [112.6999747 ]
 [110.90235744]
 [108.08136723]
 [106.04827049]
 [128.02942283]
 [128.48976461]
 [127.3419297 ]
 [125.59072138]
 [122.99844994]
 [121.03786678]
 [119.06587368]
 [116.59814827]
 [114.11350498]
 [111.79988507]
 [108.16123727]
 [104.89120985]
 [103.57840337]
 [128.17355227]
 [127.18958624]
 [126.23186951]
 [124.6474415 ]
 [122.33324772]
 [120.33991263]
 [118.30865891]
 [115.7897694 ]
 [113.4046502 ]
 [110.51659503]
 [107.33461828]
 [104.37515695]
 [132.53044515]
 [131.86228318]
 [130.65144145]
 [130.20222114]
 [128.68928588]
 [127.20446562]
 [126.24448138]
 [123.51743871]
 [128.77487517]
 [129.19257217]
 [128.26477462]
 [127.61930382]
 [126.80822176]
 [124.13181382]
 [122.68502399]
 [120.4608681 ]
 [128.663181  ]
 [127.7518252 ]
 [128.1316177 ]
 [128.59133051]
 [127.11899617]
 [124.75545244]
 [122.44440833]
 [120.67679234]
 [127.57697347]
 [127.14712203]
 [127.376954  ]
 [128.46419245]
 [127.0018938 ]
 [124.96877034]
 [123.55103851]
 [121.15036031]
 [119.34051363]
 [136.69942829]
 [136.92412866]
 [136.46919332]
 [135.02268153]
 [132.25012017]
 [131.85310186]
 [129.87147262]
 [129.77400749]
 [129.63907036]
 [128.89794177]
 [127.244287  ]
 [126.19302978]
 [122.86070683]
 [118.14151461]
 [114.45500386]
 [112.38660147]
 [129.00000127]
 [128.7785229 ]
 [129.84362572]
 [128.43023403]
 [126.79519621]
 [126.73723952]
 [127.5975327 ]
 [126.71426509]
 [124.22461462]
 [122.19235808]
 [119.90968926]
 [116.96378688]
 [113.08812247]
 [110.85320528]
 [108.87637719]
 [106.55816131]
 [128.43212353]
 [128.35144752]
 [128.97774628]
 [128.86715891]
 [128.34602986]
 [128.85603267]
 [127.8786483 ]
 [127.82344433]
 [127.5562101 ]
 [127.65893677]
 [126.63670139]
 [125.08283412]
 [121.54192968]
 [116.81369125]
 [113.19579445]
 [111.50901537]
 [126.86398644]
 [128.38042333]
 [128.32460138]
 [126.12897552]
 [125.99495394]
 [125.04112498]
 [124.67334471]
 [124.74390062]
 [125.35327183]
 [122.66774998]
 [120.52010795]
 [117.51841575]
 [114.48249952]
 [110.76990681]
 [108.73743741]
 [107.57682495]
 [119.34445053]
 [120.76671632]
 [122.48537404]
 [124.6588246 ]
 [124.91950483]
 [124.97287748]
 [124.89936564]
 [124.23963648]
 [122.5651116 ]
 [120.3173424 ]
 [117.8451091 ]
 [114.89920672]
 [110.9969183 ]
 [107.92503275]
 [106.08314217]
 [105.26661017]
 [117.22815241]
 [117.84172516]
 [120.44270183]
 [122.09599927]
 [123.91609833]
 [123.93001196]
 [123.58714161]
 [122.33052575]
 [120.39296057]
 [118.78461603]
 [117.09920678]
 [114.08001666]
 [110.21248028]
 [107.28118875]
 [105.5935239 ]
 [103.41235238]
 [122.16502949]
 [122.37935959]
 [123.27007147]
 [124.65371548]
 [125.21586991]
 [127.25864266]
 [126.48961064]
 [126.47789533]
 [126.05733016]
 [126.13565811]
 [125.14338841]
 [124.00573893]
 [120.78313587]
 [116.51749318]
 [119.0569296 ]
 [119.97002067]
 [120.57280225]
 [119.88411092]
 [119.43378477]
 [123.36317859]
 [126.58944597]
 [126.2424995 ]
 [123.30301108]
 [121.75998477]
 [119.47589732]
 [116.38332493]
 [112.12972396]
 [108.34130507]
 [106.30607877]
 [105.89054055]]