[[ 19.96243886]
 [ 23.03943953]
 [ 26.62064792]
 [ 31.11839905]
 [ 37.41557996]
 [ 44.65582789]
 [ 53.7061378 ]
 [ 65.47154068]
 [ 80.85706752]
 [ 98.95768734]
 [ 21.62348596]
 [ 24.49133137]
 [ 27.01078751]
 [ 29.41283021]
 [ 32.40001242]
 [ 35.94961289]
 [ 40.39318492]
 [ 46.74827885]
 [ 53.9489666 ]
 [ 62.9463235 ]
 [ 74.66988835]
 [ 90.05541519]
 [108.15603501]
 [131.68684077]
 [162.45789446]
 [ 13.43108179]
 [ 15.0218537 ]
 [ 16.58511809]
 [ 18.07099111]
 [ 19.81435534]
 [ 22.1392413 ]
 [ 25.15596139]
 [ 28.77937343]
 [ 33.25533207]
 [ 39.54965716]
 [ 46.74627947]
 [ 55.79658938]
 [ 67.56199226]
 [ 82.9475191 ]
 [101.04813892]
 [ 27.59501969]
 [ 30.67142086]
 [ 34.25379829]
 [ 38.79399412]
 [ 45.16002596]
 [ 52.381374  ]
 [ 61.4280219 ]
 [ 73.19342478]
 [ 88.57895163]
 [106.67957144]
 [130.2103772 ]
 [160.98143089]
 [197.1969124 ]
 [242.49535683]
 [ 24.04592334]
 [ 27.09650308]
 [ 30.72855304]
 [ 35.27804112]
 [ 41.59471405]
 [ 48.83496198]
 [ 57.88527189]
 [ 69.65067477]
 [ 85.03620161]
 [103.13682143]
 [126.66762719]
 [157.45253546]
 [193.69299536]
 [238.99895761]
 [ 20.46174725]
 [ 23.54866644]
 [ 27.18707128]
 [ 31.69432534]
 [ 38.02954228]
 [ 45.2697902 ]
 [ 54.32010011]
 [ 66.08550299]
 [ 81.47102984]
 [ 99.57164965]
 [123.12164345]
 [153.92969778]
 [190.17446757]
 [ 18.69886193]
 [ 21.79293516]
 [ 25.39779503]
 [ 29.92294998]
 [ 36.25816692]
 [ 43.49841484]
 [ 52.54872475]
 [ 64.31412763]
 [ 79.69965448]
 [ 97.8143432 ]
 [121.37344357]
 [152.1814979 ]
 [188.42626769]
 [ 30.92890315]
 [ 34.4914756 ]
 [ 39.03138406]
 [ 45.38961615]
 [ 52.61562787]
 [ 61.6473282 ]
 [ 73.41273108]
 [ 88.79825792]
 [106.89887774]
 [130.4296835 ]
 [161.20073719]
 [197.403879  ]
 [ 24.30340786]
 [ 27.33418241]
 [ 30.96594501]
 [ 35.50567406]
 [ 41.82743829]
 [ 49.05426981]
 [ 58.10457972]
 [ 69.8699826 ]
 [ 85.25550945]
 [103.35612926]
 [126.88693503]
 [157.65950327]
 [193.89922028]
 [ 20.69930117]
 [ 23.78606108]
 [ 27.42117943]
 [ 31.91525071]
 [ 38.24885213]
 [ 45.48910006]
 [ 54.53940996]
 [ 66.30481285]
 [ 81.69033969]
 [ 99.79095951]
 [123.3278699 ]
 [154.13592423]
 [190.38069403]
 [ 18.93625727]
 [ 22.02704399]
 [ 25.62238248]
 [ 30.14226036]
 [ 36.4774773 ]
 [ 43.71772523]
 [ 52.76803513]
 [ 64.53343801]
 [ 79.91896486]
 [ 98.02070345]
 [121.57967043]
 [152.38772476]
 [ 28.1463697 ]
 [ 31.19424584]
 [ 34.73943496]
 [ 39.2760203 ]
 [ 45.63111424]
 [ 52.85703224]
 [ 61.87332002]
 [ 73.6387229 ]
 [ 22.24559537]
 [ 24.56875805]
 [ 27.58215555]
 [ 31.21058809]
 [ 35.74994091]
 [ 42.0688494 ]
 [ 49.28026681]
 [ 58.33057672]
 [ 16.85641056]
 [ 18.62945088]
 [ 20.94395324]
 [ 24.03071315]
 [ 27.65881525]
 [ 32.15667068]
 [ 38.47485593]
 [ 45.71510386]
 [ 13.54599864]
 [ 15.05081577]
 [ 16.82297668]
 [ 19.1809117 ]
 [ 22.26415192]
 [ 25.86380478]
 [ 30.36826595]
 [ 36.70348288]
 [ 43.94373081]
 [ 16.65332996]
 [ 18.62384743]
 [ 21.03190731]
 [ 23.75944744]
 [ 25.95319158]
 [ 28.32745686]
 [ 31.36605149]
 [ 34.91124062]
 [ 39.43441745]
 [ 45.78951138]
 [ 53.01333667]
 [ 62.01962807]
 [ 73.78503095]
 [ 89.17055779]
 [107.27117761]
 [130.80198337]
 [ 12.82634077]
 [ 14.24421672]
 [ 15.52025802]
 [ 17.02883692]
 [ 18.8012683 ]
 [ 21.10505112]
 [ 24.18914205]
 [ 27.81573283]
 [ 32.31300641]
 [ 38.62118802]
 [ 45.86143595]
 [ 54.91174586]
 [ 66.67714874]
 [ 82.06267558]
 [100.1632954 ]
 [123.69410116]
 [ 16.7736906 ]
 [ 18.76423296]
 [ 21.18857337]
 [ 23.95093893]
 [ 26.22283287]
 [ 28.60754565]
 [ 31.63202134]
 [ 35.17701224]
 [ 39.67962424]
 [ 46.03471818]
 [ 53.25530331]
 [ 62.24605182]
 [ 74.0114547 ]
 [ 89.39698154]
 [107.49760136]
 [131.02840712]
 [ 14.96048331]
 [ 16.8308122 ]
 [ 18.93844001]
 [ 20.87517131]
 [ 22.706726  ]
 [ 25.00661266]
 [ 28.01955005]
 [ 31.614264  ]
 [ 36.15361681]
 [ 42.4671914 ]
 [ 49.65737275]
 [ 58.703363  ]
 [ 70.46876588]
 [ 85.85429273]
 [103.95491254]
 [127.48571831]
 [ 12.99667269]
 [ 14.45513845]
 [ 15.78778961]
 [ 17.30167049]
 [ 19.06710751]
 [ 21.37089034]
 [ 24.43448371]
 [ 28.06428682]
 [ 32.55510596]
 [ 38.84771387]
 [ 46.0879618 ]
 [ 55.13827171]
 [ 66.90367459]
 [ 82.28920143]
 [100.38982125]
 [123.92062701]
 [ 11.75282545]
 [ 12.84206496]
 [ 13.98864387]
 [ 15.48706395]
 [ 17.2605027 ]
 [ 19.58470705]
 [ 22.67146696]
 [ 26.26120497]
 [ 30.75612783]
 [ 37.0763596 ]
 [ 44.31660752]
 [ 53.36691743]
 [ 65.13232031]
 [ 80.51784716]
 [ 98.61846697]
 [122.15559809]
 [ 16.8862727 ]
 [ 18.89947901]
 [ 21.33538953]
 [ 24.13407405]
 [ 26.48874543]
 [ 28.87904675]
 [ 31.88978001]
 [ 35.43449933]
 [ 39.91726561]
 [ 46.27235955]
 [ 53.48980496]
 [ 62.47753165]
 [ 74.23095135]
 [ 89.61647819]
 [ 13.14812988]
 [ 14.65618732]
 [ 16.0604722 ]
 [ 17.55835545]
 [ 19.32278105]
 [ 21.62844037]
 [ 24.67218224]
 [ 28.30366449]
 [ 32.7885305 ]
 [ 39.08107262]
 [ 46.30750171]
 [ 55.35781162]
 [ 67.1232145 ]
 [ 82.50874135]
 [100.60936116]
 [124.14016692]]