[[ 15.57290378]
 [ 19.18393067]
 [ 23.43113614]
 [ 28.73497986]
 [ 36.16036107]
 [ 44.64651102]
 [ 55.25419846]
 [ 69.04419214]
 [ 87.07726079]
 [108.29263567]
 [ 11.29688583]
 [ 13.13766061]
 [ 15.21544273]
 [ 17.93474908]
 [ 21.52947864]
 [ 25.78801724]
 [ 31.09828819]
 [ 38.53003196]
 [ 47.01162184]
 [ 57.61697954]
 [ 71.40697321]
 [ 89.44004186]
 [110.65541675]
 [138.23540409]
 [174.3015414 ]
 [  7.00912452]
 [  8.06715494]
 [  9.42365081]
 [ 11.20179514]
 [ 13.33093296]
 [ 16.09868388]
 [ 19.71095618]
 [ 23.95922311]
 [ 29.26903076]
 [ 36.69441197]
 [ 45.18056192]
 [ 55.78824936]
 [ 69.57824304]
 [ 87.61131169]
 [108.82668657]
 [ 17.6083783 ]
 [ 21.24764645]
 [ 25.50344532]
 [ 30.78921334]
 [ 38.19145001]
 [ 46.6565942 ]
 [ 57.26392877]
 [ 71.05346371]
 [ 89.08593247]
 [110.30060161]
 [137.87967149]
 [173.94460902]
 [216.37394729]
 [269.41062013]
 [ 16.71758094]
 [ 20.33177924]
 [ 24.56039366]
 [ 29.84765297]
 [ 37.25698841]
 [ 45.74285606]
 [ 56.35019063]
 [ 70.13972557]
 [ 88.17219434]
 [109.38686347]
 [136.96593335]
 [173.03087088]
 [215.46020916]
 [268.4985352 ]
 [ 15.7884366 ]
 [ 19.38275886]
 [ 23.61360407]
 [ 28.91233292]
 [ 36.33746712]
 [ 44.82333477]
 [ 55.43066934]
 [ 69.22020428]
 [ 87.25267304]
 [108.46734218]
 [136.04641206]
 [172.11209908]
 [214.54284884]
 [ 15.31691079]
 [ 18.91278294]
 [ 23.15179657]
 [ 28.45546385]
 [ 35.88059805]
 [ 44.36646571]
 [ 54.97380027]
 [ 68.76333521]
 [ 86.79580398]
 [108.01047312]
 [135.59022165]
 [171.65635896]
 [214.08710872]
 [ 21.28899082]
 [ 25.54695611]
 [ 30.8337448 ]
 [ 38.24291802]
 [ 46.70832496]
 [ 57.31565952]
 [ 71.10519446]
 [ 89.13766323]
 [110.35233237]
 [137.93140224]
 [173.99633978]
 [216.42567805]
 [ 16.75892509]
 [ 20.37563561]
 [ 24.60492503]
 [ 29.89908781]
 [ 37.30871916]
 [ 45.79458681]
 [ 56.40192138]
 [ 70.19145632]
 [ 88.22392509]
 [109.43859422]
 [137.0176641 ]
 [173.08318859]
 [215.51393836]
 [ 15.83296786]
 [ 19.42835371]
 [ 23.66605166]
 [ 28.96406366]
 [ 36.38919786]
 [ 44.87506551]
 [ 55.48240008]
 [ 69.27193502]
 [ 87.30443985]
 [108.51981473]
 [136.09980208]
 [172.16593938]
 [214.59668915]
 [ 15.36249267]
 [ 18.96523053]
 [ 23.20352731]
 [ 28.50719459]
 [ 35.93232879]
 [ 44.41819644]
 [ 55.02563739]
 [ 68.81563106]
 [ 86.84869971]
 [108.0640746 ]
 [135.64406195]
 [171.71019925]
 [ 17.70577415]
 [ 21.33158236]
 [ 25.59004477]
 [ 30.87962352]
 [ 38.29379574]
 [ 46.76162311]
 [ 57.36895768]
 [ 71.15849262]
 [ 14.02922475]
 [ 16.80151589]
 [ 20.4189601 ]
 [ 24.65080347]
 [ 29.94996528]
 [ 37.36201729]
 [ 45.84788495]
 [ 56.45521951]
 [ 10.98351222]
 [ 13.12025821]
 [ 15.8768968 ]
 [ 19.47923086]
 [ 23.72017993]
 [ 29.01762931]
 [ 36.44301052]
 [ 44.92916048]
 [  8.71989939]
 [ 10.53581019]
 [ 12.65691675]
 [ 15.41432862]
 [ 19.02028586]
 [ 23.2580454 ]
 [ 28.56188912]
 [ 35.98727033]
 [ 44.47342029]
 [  8.29438572]
 [  9.55439584]
 [ 11.10650902]
 [ 12.94460769]
 [ 15.02539435]
 [ 17.73778621]
 [ 21.35913048]
 [ 25.61758211]
 [ 30.90930548]
 [ 38.32671288]
 [ 46.79610977]
 [ 57.40344434]
 [ 71.19297928]
 [ 89.22544804]
 [110.44011718]
 [138.01989285]
 [  6.82285939]
 [  7.8779972 ]
 [  9.22121679]
 [ 11.01212783]
 [ 13.14916408]
 [ 15.90615292]
 [ 19.51350007]
 [ 23.7558027 ]
 [ 29.0535191 ]
 [ 36.47890031]
 [ 44.96505026]
 [ 55.5727377 ]
 [ 69.36273138]
 [ 87.39580003]
 [108.61117491]
 [136.19116226]
 [  8.34076125]
 [  9.60679914]
 [ 11.16058178]
 [ 12.99336721]
 [ 15.07483134]
 [ 17.78723777]
 [ 21.40166047]
 [ 25.66011015]
 [ 30.95480862]
 [ 38.3775699 ]
 [ 46.8497013 ]
 [ 57.45692614]
 [ 71.24691981]
 [ 89.27998846]
 [110.49536334]
 [138.07535069]
 [  7.67722125]
 [  8.86038999]
 [ 10.25206568]
 [ 12.01983179]
 [ 14.11171523]
 [ 16.87270863]
 [ 20.49061406]
 [ 24.73091796]
 [ 30.03529679]
 [ 37.45160665]
 [ 45.9377566 ]
 [ 56.54544405]
 [ 70.33543772]
 [ 88.36850637]
 [109.58388125]
 [137.1638686 ]
 [  6.876651  ]
 [  7.93011815]
 [  9.27153873]
 [ 11.05786217]
 [ 13.19397249]
 [ 15.95436546]
 [ 19.56539235]
 [ 23.80881412]
 [ 29.10897389]
 [ 36.5343551 ]
 [ 45.02050506]
 [ 55.6281925 ]
 [ 69.41818617]
 [ 87.45125482]
 [108.66662971]
 [136.24661705]
 [  6.40081017]
 [  7.43428487]
 [  8.79831068]
 [ 10.60942972]
 [ 12.73724954]
 [ 15.49862304]
 [ 19.10761515]
 [ 23.34938942]
 [ 28.65323314]
 [ 36.07861435]
 [ 44.56476431]
 [ 55.17245175]
 [ 68.96244542]
 [ 86.99551407]
 [108.21088896]
 [135.7908763 ]
 [  8.38717083]
 [  9.65610456]
 [ 11.20642961]
 [ 13.0392044 ]
 [ 15.12379477]
 [ 17.83622441]
 [ 21.44406865]
 [ 25.70264496]
 [ 31.00173133]
 [ 38.42859948]
 [ 46.9040877 ]
 [ 57.51076086]
 [ 71.30075454]
 [ 89.33382319]
 [  6.92083187]
 [  7.97674535]
 [  9.32149353]
 [ 11.10578464]
 [ 13.2373874 ]
 [ 16.00335241]
 [ 19.6143793 ]
 [ 23.86028994]
 [ 29.16280733]
 [ 36.58818853]
 [ 45.07433849]
 [ 55.68202593]
 [ 69.4720196 ]
 [ 87.50508826]
 [108.72046314]
 [136.30045049]]