[[125.23423431]
 [126.21129451]
 [125.78338137]
 [124.66177711]
 [122.95359961]
 [122.6170346 ]
 [121.62895664]
 [120.77291339]
 [120.12117894]
 [118.18734203]
 [111.26445814]
 [114.24369495]
 [115.93911901]
 [120.86821763]
 [122.32181333]
 [118.86692904]
 [121.3719302 ]
 [122.12051442]
 [122.19937902]
 [122.62024905]
 [122.50716069]
 [122.43545124]
 [121.81964862]
 [122.09737113]
 [119.56928128]
 [121.60776681]
 [123.88190739]
 [126.24965183]
 [128.87869068]
 [131.70058528]
 [128.92117586]
 [119.39513026]
 [121.22045238]
 [120.79969763]
 [120.11811045]
 [118.98678539]
 [120.1773364 ]
 [121.30620088]
 [117.01602941]
 [117.71892789]
 [119.74833276]
 [124.51434455]
 [126.67327074]
 [128.44713847]
 [129.8762312 ]
 [131.38668164]
 [131.87410266]
 [134.58613924]
 [134.70856824]
 [135.7048912 ]
 [135.17069246]
 [133.45019053]
 [131.48208687]
 [129.85668873]
 [121.97892894]
 [124.50689148]
 [127.76338169]
 [128.93662257]
 [130.0376632 ]
 [131.25310606]
 [132.84682744]
 [133.20554112]
 [134.40021977]
 [135.48493148]
 [135.3915386 ]
 [134.28114402]
 [132.55989372]
 [129.09951774]
 [121.72777511]
 [125.3129418 ]
 [128.76284645]
 [130.66914908]
 [130.83997245]
 [131.58172874]
 [133.1826274 ]
 [133.95426731]
 [135.19607131]
 [135.7370955 ]
 [136.18053833]
 [133.9940846 ]
 [131.08229797]
 [122.14405606]
 [125.42735499]
 [128.56269188]
 [130.74985205]
 [130.89079096]
 [132.53924937]
 [134.25119425]
 [134.5445685 ]
 [134.9090477 ]
 [135.4972024 ]
 [135.25868204]
 [133.11640539]
 [131.20159246]
 [124.61291984]
 [127.92847205]
 [128.96519319]
 [128.97863223]
 [131.22612035]
 [131.14628615]
 [131.93674832]
 [132.62554045]
 [132.38465767]
 [131.56323083]
 [129.71611979]
 [128.87834704]
 [120.77533561]
 [125.48493668]
 [127.54543455]
 [128.09057711]
 [128.81341269]
 [130.55808517]
 [131.51179231]
 [131.6006634 ]
 [132.41051322]
 [132.34829001]
 [131.67320987]
 [131.07827311]
 [128.91428294]
 [122.0778426 ]
 [125.45557213]
 [128.2949448 ]
 [129.10834279]
 [129.93179804]
 [131.07736864]
 [131.10239374]
 [132.31519747]
 [132.94075738]
 [132.68570985]
 [131.4237683 ]
 [129.55353412]
 [127.45046852]
 [122.79611692]
 [125.8699981 ]
 [128.68279033]
 [129.75183184]
 [130.64018306]
 [131.46185479]
 [131.32580403]
 [131.49719963]
 [132.25810797]
 [131.83091847]
 [130.74907836]
 [128.82185471]
 [129.66108493]
 [131.53942118]
 [132.33563864]
 [133.84142046]
 [134.28668648]
 [134.36031564]
 [131.67117631]
 [130.22556751]
 [126.42674455]
 [128.65605015]
 [131.07701027]
 [131.91846251]
 [132.42144141]
 [131.92303035]
 [131.02878358]
 [130.68189419]
 [126.52954319]
 [127.17287751]
 [128.77567303]
 [130.90549853]
 [130.5399563 ]
 [130.02085542]
 [129.17880045]
 [129.28914834]
 [122.79214205]
 [124.85707967]
 [126.56328315]
 [128.4140748 ]
 [129.43244804]
 [129.35443274]
 [129.34989284]
 [128.43660615]
 [128.27114537]
 [131.49499667]
 [132.76750888]
 [133.69613865]
 [131.86384412]
 [132.77084369]
 [132.3899433 ]
 [130.69135612]
 [132.67951015]
 [132.97860833]
 [132.84828899]
 [132.53252993]
 [131.48737574]
 [129.92247139]
 [127.06193939]
 [124.03088421]
 [123.32010193]
 [121.41863016]
 [123.13222197]
 [125.68536264]
 [127.44604084]
 [129.61534365]
 [130.95720474]
 [131.49564555]
 [130.67361105]
 [129.34719411]
 [127.96008326]
 [127.2756933 ]
 [126.3691861 ]
 [125.05913474]
 [123.73844635]
 [122.27618439]
 [120.33315096]
 [126.00857483]
 [126.75235174]
 [127.70056302]
 [128.16355274]
 [126.80032976]
 [127.03520655]
 [128.79991696]
 [127.75614168]
 [127.52832493]
 [128.13654961]
 [126.39291493]
 [125.07739934]
 [125.18806622]
 [123.05170535]
 [119.77217082]
 [117.58498325]
 [130.06556872]
 [132.0403257 ]
 [131.93443717]
 [127.68158667]
 [129.05901612]
 [129.20606995]
 [129.45883912]
 [129.34981847]
 [128.82852955]
 [126.54123433]
 [124.39901111]
 [124.05370296]
 [123.2719357 ]
 [121.67099764]
 [118.03121339]
 [117.20354391]
 [120.10297296]
 [121.11880746]
 [122.10637933]
 [122.3087444 ]
 [124.22444049]
 [126.36482077]
 [126.23517702]
 [125.43700518]
 [124.07391473]
 [122.56505228]
 [121.97812099]
 [120.74034373]
 [119.68381895]
 [117.53141365]
 [115.00443965]
 [115.30856478]
 [123.44062323]
 [124.01174399]
 [125.3773104 ]
 [125.29022985]
 [127.04945584]
 [128.7806588 ]
 [128.02205376]
 [126.60482882]
 [123.98778119]
 [122.05221851]
 [120.07855031]
 [118.74662213]
 [117.84705979]
 [115.63195287]
 [113.40284328]
 [113.70503677]
 [126.38180001]
 [129.17031895]
 [129.40132465]
 [127.23097798]
 [126.0620298 ]
 [126.00083314]
 [127.83220416]
 [125.84997995]
 [124.68353304]
 [123.91019894]
 [122.86805934]
 [120.68335036]
 [121.80690876]
 [121.02677164]
 [121.60786935]
 [122.91604423]
 [121.71444825]
 [122.20886337]
 [123.33925716]
 [125.93116654]
 [125.76601015]
 [124.82900579]
 [122.74716663]
 [120.54584624]
 [119.21551325]
 [118.0394958 ]
 [117.29597742]
 [115.98798431]
 [113.9653202 ]
 [110.94001521]]