[[117.93062402]
 [118.61372646]
 [118.50508552]
 [118.13940555]
 [119.62101736]
 [120.84723531]
 [120.82868898]
 [118.06060713]
 [116.11604849]
 [113.28165443]
 [109.45625035]
 [112.9329019 ]
 [118.29787954]
 [123.22770758]
 [126.95106096]
 [121.66213602]
 [122.3198331 ]
 [124.41331117]
 [123.68015703]
 [122.55025348]
 [121.81304688]
 [123.49337614]
 [122.15843993]
 [118.87082913]
 [113.47592426]
 [124.82050202]
 [125.9990876 ]
 [127.49391073]
 [129.26963206]
 [131.11220636]
 [124.56856402]
 [113.53461869]
 [112.66011398]
 [109.96866355]
 [110.61942998]
 [115.70794957]
 [118.08949182]
 [119.1766565 ]
 [118.57501031]
 [116.43105462]
 [126.94695446]
 [126.76169993]
 [127.57590274]
 [128.11035866]
 [129.09603316]
 [128.58202823]
 [128.92297114]
 [128.3686826 ]
 [128.47032862]
 [126.84566654]
 [125.79878019]
 [123.26433351]
 [119.38699287]
 [117.80103482]
 [126.34129634]
 [127.01810309]
 [128.7601188 ]
 [129.05816766]
 [128.82403481]
 [129.10080214]
 [128.78270609]
 [128.27294683]
 [127.6826181 ]
 [126.73738573]
 [124.29849117]
 [120.59890237]
 [119.44926341]
 [118.50586523]
 [126.70987734]
 [128.56583978]
 [129.81456194]
 [129.54937684]
 [129.66569246]
 [129.0462325 ]
 [128.5897499 ]
 [128.51552495]
 [126.85523713]
 [124.92570924]
 [121.87767001]
 [120.78106549]
 [120.16426414]
 [127.64885962]
 [128.6985717 ]
 [129.62421127]
 [129.71912032]
 [129.49498632]
 [129.70199265]
 [129.40144476]
 [128.30284907]
 [125.9594874 ]
 [123.83133791]
 [121.87889335]
 [121.15752869]
 [120.67667486]
 [129.8048981 ]
 [131.083239  ]
 [131.59309187]
 [130.76874111]
 [128.06080723]
 [127.23429555]
 [125.9406778 ]
 [123.97926854]
 [122.07489902]
 [120.50118091]
 [118.45447508]
 [116.18496685]
 [129.43208783]
 [131.7082619 ]
 [132.19066662]
 [131.39324891]
 [128.72087992]
 [127.30934185]
 [125.83843724]
 [124.39867015]
 [122.3722675 ]
 [121.51302887]
 [119.40288897]
 [117.5518018 ]
 [116.19849529]
 [129.85109033]
 [130.80259548]
 [130.44854951]
 [129.26935521]
 [127.87539691]
 [126.05591781]
 [124.62978516]
 [122.90336526]
 [122.03994681]
 [120.07240233]
 [118.70607276]
 [117.65801489]
 [116.92238788]
 [128.92713582]
 [129.62831931]
 [129.41889683]
 [128.11038521]
 [126.64071483]
 [125.40967716]
 [123.72172951]
 [122.59702581]
 [121.36452704]
 [119.8752774 ]
 [118.69739337]
 [118.02941435]
 [134.38173176]
 [133.5832303 ]
 [132.64024663]
 [133.75778544]
 [132.66915029]
 [129.09662405]
 [127.25481551]
 [124.98606995]
 [131.62454633]
 [131.9829348 ]
 [131.14999103]
 [132.74022157]
 [132.56283779]
 [129.79508989]
 [128.33360024]
 [125.55590922]
 [129.41564237]
 [130.09244896]
 [130.59933841]
 [130.74298846]
 [129.32737781]
 [127.54052155]
 [126.99790077]
 [125.60104228]
 [126.55616471]
 [127.83902422]
 [128.09931661]
 [128.48986119]
 [128.47130928]
 [127.41702252]
 [125.60325236]
 [124.97790574]
 [123.45823616]
 [139.02486177]
 [140.32976075]
 [140.87071006]
 [134.71843425]
 [134.96986098]
 [132.16406312]
 [129.23826589]
 [128.78550126]
 [130.61173179]
 [133.26424919]
 [131.50748264]
 [129.79060538]
 [125.50097655]
 [121.70375167]
 [118.22750968]
 [115.68601151]
 [129.97002883]
 [131.06359902]
 [131.62557198]
 [126.23206543]
 [127.20892439]
 [127.40722583]
 [127.91277438]
 [128.43444466]
 [128.09629768]
 [126.40025826]
 [125.06782559]
 [122.4193748 ]
 [119.57512186]
 [116.65879369]
 [114.6036398 ]
 [113.62339717]
 [127.50002439]
 [127.2911479 ]
 [127.0285424 ]
 [127.07461524]
 [126.28173111]
 [128.86300016]
 [128.66296831]
 [129.23911857]
 [130.09791844]
 [130.85430872]
 [130.58341988]
 [129.84072484]
 [125.92342594]
 [121.59166928]
 [118.23202988]
 [114.83540792]
 [129.48022378]
 [130.98313186]
 [130.48517101]
 [125.54752048]
 [124.7089051 ]
 [127.4049489 ]
 [127.73447729]
 [127.41291688]
 [127.72701051]
 [127.52519639]
 [126.92603947]
 [125.06163019]
 [121.81516337]
 [118.66699018]
 [115.91569134]
 [112.74843482]
 [117.52605628]
 [119.05708551]
 [121.32739296]
 [123.03093761]
 [124.08311538]
 [126.06386125]
 [127.02355922]
 [127.07862837]
 [125.73884941]
 [123.86109114]
 [122.33007018]
 [120.06488242]
 [118.2766306 ]
 [115.71831604]
 [112.83747552]
 [111.79049488]
 [116.32945654]
 [117.19329586]
 [120.5999067 ]
 [123.4769758 ]
 [125.28212416]
 [126.05742817]
 [126.56671569]
 [124.78456818]
 [122.7542731 ]
 [120.79641205]
 [119.3025267 ]
 [117.17144539]
 [116.61259039]
 [114.10818848]
 [111.77047857]
 [111.85345883]
 [122.7593034 ]
 [124.74178334]
 [125.52285544]
 [124.54104204]
 [124.99301975]
 [126.73043561]
 [129.39073159]
 [128.84459432]
 [127.63552208]
 [127.48605018]
 [126.23248113]
 [126.10824043]
 [125.20220941]
 [121.45354385]
 [118.12255364]
 [118.97748449]
 [121.24013363]
 [120.95622784]
 [122.01385719]
 [125.04027463]
 [126.97514495]
 [128.08418083]
 [126.30817469]
 [123.44069264]
 [122.3768257 ]
 [120.34267961]
 [117.95740811]
 [116.37940532]
 [113.50264864]
 [111.25620349]]