[[123.8431974 ]
 [122.15762502]
 [122.14133447]
 [121.75355078]
 [121.13075505]
 [120.06521089]
 [119.86919727]
 [118.85875758]
 [116.56538093]
 [115.82161064]
 [115.89521728]
 [117.51888194]
 [119.67635362]
 [123.64216883]
 [127.62166323]
 [123.87999625]
 [125.10095548]
 [125.71895717]
 [124.79791433]
 [125.65571259]
 [125.50803611]
 [124.48307233]
 [121.2862418 ]
 [117.89940143]
 [116.05892004]
 [122.58013471]
 [124.09272119]
 [125.3282724 ]
 [127.67637554]
 [129.97222915]
 [126.96716774]
 [123.45120982]
 [120.50037795]
 [118.13149459]
 [117.89201764]
 [119.83081878]
 [120.31936221]
 [119.9396998 ]
 [118.41666994]
 [116.85206974]
 [125.48570536]
 [125.3773394 ]
 [126.99675943]
 [129.11523557]
 [130.28113758]
 [131.14586913]
 [131.9841646 ]
 [132.15598561]
 [129.58923251]
 [126.07002605]
 [123.32061447]
 [121.08701181]
 [120.9756889 ]
 [122.27439349]
 [124.46014309]
 [126.05039252]
 [128.20030338]
 [129.23854223]
 [129.47514588]
 [129.71489559]
 [129.76523168]
 [128.39760571]
 [125.58431132]
 [123.45420006]
 [120.59600407]
 [120.46339591]
 [121.16643406]
 [122.3160489 ]
 [126.60851085]
 [128.07829109]
 [128.49887908]
 [128.36138089]
 [128.62302508]
 [128.12999645]
 [126.80060866]
 [125.07197233]
 [122.63353195]
 [120.61825163]
 [120.1370757 ]
 [120.01452693]
 [121.06911647]
 [128.13055809]
 [128.69908788]
 [128.28335427]
 [128.27583418]
 [127.43358518]
 [126.66097127]
 [125.34551321]
 [123.63467343]
 [121.17208042]
 [120.25955688]
 [119.7059913 ]
 [119.91651079]
 [121.09542975]
 [129.18159573]
 [130.65327977]
 [130.87230098]
 [130.47268977]
 [130.4856602 ]
 [130.1487312 ]
 [128.67744413]
 [125.94169652]
 [123.65984926]
 [121.21736063]
 [120.12306649]
 [120.24247777]
 [128.39453237]
 [130.62463792]
 [130.22850616]
 [129.60811277]
 [128.53442204]
 [128.1718936 ]
 [126.96412422]
 [124.70635713]
 [122.53692782]
 [120.47847886]
 [119.6293784 ]
 [119.56465701]
 [120.34190899]
 [129.49092385]
 [130.266698  ]
 [129.56018968]
 [128.01736839]
 [127.09197218]
 [125.10391745]
 [123.35478908]
 [122.1731307 ]
 [120.18800352]
 [119.34832871]
 [118.33945656]
 [118.95079812]
 [120.08240131]
 [129.37249695]
 [129.76782208]
 [128.56505916]
 [127.55869967]
 [125.38444137]
 [123.7401337 ]
 [122.61961694]
 [121.10999746]
 [119.37461014]
 [118.24454004]
 [117.89677889]
 [118.84137205]
 [133.40995236]
 [133.06750907]
 [132.35145095]
 [132.01600122]
 [130.82344227]
 [129.43908125]
 [128.10642251]
 [125.7734251 ]
 [129.00811208]
 [130.97797939]
 [131.50685367]
 [131.38258075]
 [130.43634387]
 [128.0473907 ]
 [126.58117035]
 [124.52697711]
 [128.81229257]
 [129.1200274 ]
 [129.91485277]
 [130.52965397]
 [129.77131116]
 [127.98340047]
 [126.13580572]
 [123.97855706]
 [127.19777832]
 [126.96619046]
 [127.41908589]
 [128.44429726]
 [128.0908064 ]
 [127.60392885]
 [127.08295315]
 [124.69026402]
 [122.87624761]
 [137.06231677]
 [137.88033778]
 [138.26782571]
 [134.31814678]
 [133.24413339]
 [133.18991775]
 [131.81346538]
 [131.88933557]
 [131.376613  ]
 [131.33401238]
 [129.85971133]
 [127.62848932]
 [125.30670184]
 [123.08417004]
 [121.06914752]
 [119.28476196]
 [129.35413602]
 [130.27296601]
 [130.64420688]
 [127.8447352 ]
 [127.90222673]
 [128.23619399]
 [129.07433284]
 [129.09285037]
 [128.56239965]
 [126.41189003]
 [123.98472607]
 [122.45601916]
 [120.26416546]
 [117.58993506]
 [116.38416785]
 [116.49155622]
 [128.9189306 ]
 [128.61468188]
 [127.85445556]
 [126.61683521]
 [126.47703462]
 [127.83452692]
 [129.46352445]
 [129.52166329]
 [130.63698219]
 [130.93981828]
 [129.58593021]
 [126.90461698]
 [124.91564954]
 [123.01217872]
 [119.95377946]
 [117.85860154]
 [129.63197495]
 [130.66427844]
 [130.20406479]
 [124.24629684]
 [123.73085943]
 [126.19950148]
 [127.08011451]
 [127.85129979]
 [128.52779488]
 [126.8867688 ]
 [126.14255205]
 [124.55471944]
 [122.75529215]
 [120.154432  ]
 [117.2458269 ]
 [116.85906885]
 [119.68061129]
 [121.30217146]
 [123.8452658 ]
 [125.10976623]
 [125.57498324]
 [126.04579845]
 [126.70767167]
 [126.26573795]
 [125.54277264]
 [125.01536684]
 [123.09856301]
 [121.53082986]
 [119.39970077]
 [116.33289613]
 [115.45843386]
 [115.54796154]
 [118.92874891]
 [120.06993449]
 [121.25249366]
 [122.61310205]
 [124.26572636]
 [124.10900801]
 [124.3636597 ]
 [123.61272534]
 [123.77143012]
 [122.98373067]
 [121.16782026]
 [119.95809198]
 [117.47988675]
 [115.4208648 ]
 [115.11402729]
 [115.39974063]
 [122.68157341]
 [122.91964976]
 [122.87598595]
 [122.31045477]
 [123.58290335]
 [124.29893204]
 [126.09310426]
 [127.80692494]
 [128.56941453]
 [128.77634413]
 [126.9600826 ]
 [125.67378584]
 [125.61594337]
 [122.93090735]
 [119.05643568]
 [120.05979889]
 [121.96173571]
 [121.93797892]
 [121.82599701]
 [126.45856514]
 [126.18119099]
 [126.00227225]
 [124.87244708]
 [124.44129944]
 [123.38472527]
 [121.40594529]
 [119.63568644]
 [116.73183987]
 [115.41457722]
 [115.22256302]]