[[ 19.42327043]
 [ 22.97444097]
 [ 27.08314236]
 [ 32.26746339]
 [ 39.52961943]
 [ 47.82197061]
 [ 58.22577512]
 [ 71.78419211]
 [ 89.51442972]
 [110.37642169]
 [ 19.59342344]
 [ 21.87099401]
 [ 24.32893536]
 [ 26.96183202]
 [ 30.42768357]
 [ 34.57133815]
 [ 39.7984517 ]
 [ 47.08582088]
 [ 55.30322365]
 [ 65.65971333]
 [ 79.13478399]
 [ 96.75603023]
 [117.60832802]
 [144.72516201]
 [180.18563721]
 [ 11.87385032]
 [ 13.13445455]
 [ 14.58132934]
 [ 16.25964833]
 [ 18.2728349 ]
 [ 20.9692316 ]
 [ 24.52615789]
 [ 28.70502729]
 [ 33.8415278 ]
 [ 41.10145448]
 [ 49.39984604]
 [ 59.76528501]
 [ 73.28789523]
 [ 91.01813283]
 [111.87723589]
 [ 26.41803324]
 [ 29.98618023]
 [ 34.15299758]
 [ 39.35162426]
 [ 46.55296876]
 [ 54.79089864]
 [ 65.15633761]
 [ 78.6706403 ]
 [ 96.40087791]
 [117.25998097]
 [144.37681495]
 [179.83729015]
 [221.55549628]
 [273.70325393]
 [ 23.51074912]
 [ 27.05014927]
 [ 31.20905062]
 [ 36.34641943]
 [ 43.56062663]
 [ 51.8529778 ]
 [ 62.25571269]
 [ 75.81412968]
 [ 93.54436728]
 [114.40347034]
 [141.52030432]
 [176.98077953]
 [218.69898565]
 [270.84674331]
 [ 20.55250385]
 [ 24.07052396]
 [ 28.16644733]
 [ 33.34830428]
 [ 40.60793035]
 [ 48.95157157]
 [ 59.3811231 ]
 [ 72.93954009]
 [ 90.66977769]
 [111.52888076]
 [138.64571474]
 [174.10618994]
 [215.82439607]
 [ 19.06938398]
 [ 22.55170857]
 [ 26.69662428]
 [ 31.87934376]
 [ 39.17967492]
 [ 47.52331615]
 [ 57.95286768]
 [ 71.51128467]
 [ 89.24152227]
 [110.10062533]
 [137.21745931]
 [172.67793452]
 [214.40228798]
 [ 30.05052568]
 [ 34.22520905]
 [ 39.41850321]
 [ 46.63759961]
 [ 54.86576034]
 [ 65.23119931]
 [ 78.72249216]
 [ 96.45272977]
 [117.31183283]
 [144.42866681]
 [179.88914201]
 [221.60734814]
 [ 23.57509556]
 [ 27.12236132]
 [ 31.27595173]
 [ 36.42988521]
 [ 43.63548879]
 [ 51.92783996]
 [ 62.30756503]
 [ 75.86598202]
 [ 93.59621962]
 [114.45532269]
 [141.57215667]
 [177.03263187]
 [218.750838  ]
 [ 20.6221713 ]
 [ 24.14872241]
 [ 28.25504516]
 [ 33.42316704]
 [ 40.67897432]
 [ 49.00342455]
 [ 59.43297608]
 [ 72.99139307]
 [ 90.72163067]
 [111.58073373]
 [138.69756772]
 [174.15804292]
 [215.87808798]
 [ 19.14750706]
 [ 22.63997876]
 [ 26.77148719]
 [ 31.95420667]
 [ 39.23152807]
 [ 47.57516929]
 [ 58.00472082]
 [ 71.56313781]
 [ 89.29337542]
 [110.15247848]
 [137.26931246]
 [172.73175946]
 [ 26.57557972]
 [ 30.11684648]
 [ 34.2996238 ]
 [ 39.48852464]
 [ 46.71817753]
 [ 54.94290235]
 [ 65.30834132]
 [ 78.78341198]
 [ 20.93726428]
 [ 23.64141967]
 [ 27.19225206]
 [ 31.34597454]
 [ 36.51046453]
 [ 43.71263232]
 [ 52.0049835 ]
 [ 62.37042247]
 [ 15.89642236]
 [ 17.98009366]
 [ 20.68869094]
 [ 24.22484957]
 [ 28.33800497]
 [ 33.50031258]
 [ 40.75611986]
 [ 49.05686398]
 [ 12.6615958 ]
 [ 14.42488132]
 [ 16.50987613]
 [ 19.21753216]
 [ 22.72056041]
 [ 26.84863326]
 [ 32.03135274]
 [ 39.28716002]
 [ 47.62860929]
 [ 15.82368411]
 [ 17.32950844]
 [ 19.17850245]
 [ 21.53430286]
 [ 23.89983373]
 [ 26.62951142]
 [ 30.15980985]
 [ 34.3396841 ]
 [ 39.53385342]
 [ 46.77033735]
 [ 54.9928408 ]
 [ 65.35827977]
 [ 78.83335043]
 [ 96.54076599]
 [117.39986906]
 [144.51670304]
 [ 11.49776027]
 [ 12.80124177]
 [ 14.19929022]
 [ 15.94501141]
 [ 18.0171103 ]
 [ 20.72923161]
 [ 24.27018475]
 [ 28.39017129]
 [ 33.55025812]
 [ 40.8060654 ]
 [ 49.09841657]
 [ 59.52102364]
 [ 73.07944063]
 [ 90.80967823]
 [111.66878129]
 [138.78561527]
 [ 15.93603226]
 [ 17.44646919]
 [ 19.27418323]
 [ 21.62445776]
 [ 24.01561783]
 [ 26.71488606]
 [ 30.22845432]
 [ 34.39698647]
 [ 39.60398992]
 [ 46.85103235]
 [ 55.07011023]
 [ 65.4355492 ]
 [ 78.91061986]
 [ 96.59433748]
 [117.45344054]
 [144.57027452]
 [ 13.83681945]
 [ 15.24101293]
 [ 17.01557609]
 [ 19.02757152]
 [ 21.07344436]
 [ 23.75258183]
 [ 27.2866286 ]
 [ 31.46145433]
 [ 36.64333412]
 [ 43.83597837]
 [ 52.13220744]
 [ 62.49764641]
 [ 76.00760849]
 [ 93.73784609]
 [114.59694916]
 [141.71378314]
 [ 11.59167607]
 [ 12.90235817]
 [ 14.30411103]
 [ 16.01490825]
 [ 18.07444799]
 [ 20.79122887]
 [ 24.34034845]
 [ 28.47089398]
 [ 33.62268079]
 [ 40.88336495]
 [ 49.17571612]
 [ 59.57462722]
 [ 73.13304421]
 [ 90.86328181]
 [111.72238488]
 [138.83921886]
 [ 10.40053213]
 [ 11.4937322 ]
 [ 12.78147346]
 [ 14.52757579]
 [ 16.61188804]
 [ 19.32998709]
 [ 22.85345451]
 [ 26.9640494 ]
 [ 32.15860337]
 [ 39.41441064]
 [ 47.7168269 ]
 [ 58.14637843]
 [ 71.70479542]
 [ 89.43503302]
 [110.29413608]
 [137.41424731]
 [ 16.04031416]
 [ 17.55741572]
 [ 19.37776161]
 [ 21.70772759]
 [ 24.12741569]
 [ 26.79588762]
 [ 30.29592472]
 [ 34.45251092]
 [ 39.67199229]
 [ 46.92928144]
 [ 55.14668422]
 [ 65.51046706]
 [ 78.98553772]
 [ 96.64624919]
 [ 11.69019355]
 [ 12.9854128 ]
 [ 14.40056294]
 [ 16.08551768]
 [ 18.14104698]
 [ 20.85125699]
 [ 24.40569421]
 [ 28.54915479]
 [ 33.68717155]
 [ 40.95829557]
 [ 49.25064675]
 [ 59.62655254]
 [ 73.18496953]
 [ 90.91520713]
 [111.7743102 ]
 [138.89114418]]