[[119.80688001]
 [123.24527615]
 [123.18472677]
 [123.76619808]
 [121.38759156]
 [123.48661355]
 [124.51168459]
 [125.0371735 ]
 [119.53105951]
 [108.42090683]
 [108.64062384]
 [116.54936339]
 [118.73071914]
 [122.01573123]
 [124.76104635]
 [126.76654484]
 [132.92432159]
 [140.75724065]
 [140.0433117 ]
 [140.24137923]
 [139.58440744]
 [138.50097697]
 [137.33840114]
 [142.7654372 ]
 [152.33660397]
 [126.42757243]
 [131.33335131]
 [131.28324362]
 [129.96834858]
 [129.31002975]
 [127.3023135 ]
 [126.73674227]
 [130.53165446]
 [130.24196929]
 [131.08832407]
 [131.68196276]
 [135.5446096 ]
 [136.02569221]
 [138.21278433]
 [133.31547436]
 [120.10030219]
 [122.19251927]
 [123.73172863]
 [126.83940387]
 [132.11219183]
 [134.41236208]
 [135.64392505]
 [133.91384006]
 [132.39412382]
 [130.52742109]
 [134.96390139]
 [137.47689185]
 [134.89904407]
 [133.50038348]
 [119.92002105]
 [120.21613104]
 [123.20477117]
 [126.00956138]
 [126.72209751]
 [126.13308953]
 [124.09182953]
 [121.72027574]
 [119.94233629]
 [119.78550042]
 [118.43708224]
 [115.92571213]
 [114.58596278]
 [113.54553198]
 [120.55009211]
 [124.84514724]
 [122.29519809]
 [119.9863649 ]
 [116.47940728]
 [114.65132264]
 [112.37979163]
 [109.84039564]
 [105.77153153]
 [ 98.35064933]
 [ 96.58831144]
 [ 95.07731673]
 [ 90.23827132]
 [120.612942  ]
 [119.54218034]
 [118.72084218]
 [115.47626888]
 [111.01371352]
 [109.15703021]
 [106.80633287]
 [102.26798249]
 [ 90.23542172]
 [ 87.33564663]
 [ 86.07803101]
 [ 79.06085416]
 [ 79.72852308]
 [124.40258745]
 [126.60947516]
 [128.18921168]
 [133.36357497]
 [134.32489865]
 [136.42642211]
 [135.5038058 ]
 [134.0261159 ]
 [132.1387989 ]
 [136.50436367]
 [139.94568375]
 [136.96468525]
 [122.31046899]
 [123.35838356]
 [124.56002728]
 [127.7823325 ]
 [126.53337368]
 [127.03991424]
 [125.37212688]
 [123.37484534]
 [121.54721696]
 [121.3252066 ]
 [120.90534551]
 [117.99084856]
 [116.54465688]
 [124.297114  ]
 [126.76405108]
 [123.40823422]
 [120.30503776]
 [117.44266382]
 [115.85580519]
 [113.65507325]
 [111.38873433]
 [109.27935823]
 [100.81821735]
 [ 98.65278403]
 [ 96.27143001]
 [ 91.27526463]
 [122.72259088]
 [121.65505746]
 [119.1792979 ]
 [115.96689389]
 [112.15834597]
 [110.43235155]
 [108.01381344]
 [105.68726959]
 [ 93.02519729]
 [ 89.45632459]
 [ 87.49198015]
 [ 80.29613545]
 [125.39158109]
 [126.63695901]
 [129.17736891]
 [131.10105646]
 [135.79599133]
 [134.20472318]
 [137.14670468]
 [136.72799845]
 [124.39163281]
 [124.58556054]
 [125.83851584]
 [127.56940481]
 [130.10499029]
 [126.34917696]
 [127.85870728]
 [126.23741822]
 [124.49654643]
 [125.58094409]
 [127.09969621]
 [128.76530578]
 [125.86209229]
 [120.84475398]
 [118.24607609]
 [116.70641401]
 [121.72863005]
 [123.06510089]
 [124.43407417]
 [126.16295352]
 [124.43465057]
 [121.16319129]
 [116.29719118]
 [113.00759692]
 [111.37295936]
 [127.14920887]
 [127.73759471]
 [126.28043501]
 [125.2192756 ]
 [125.87844178]
 [126.65271244]
 [128.0341295 ]
 [130.45824693]
 [133.05660773]
 [137.29476764]
 [134.50213335]
 [137.76406599]
 [137.45790341]
 [136.46983805]
 [134.7578522 ]
 [139.04806007]
 [123.26349335]
 [125.30653098]
 [126.11085415]
 [126.2219481 ]
 [127.28342913]
 [128.63066095]
 [130.79827277]
 [127.35612599]
 [122.40777707]
 [118.65997847]
 [117.18498505]
 [115.11771561]
 [113.7897204 ]
 [113.01347661]
 [104.97407092]
 [102.11122109]
 [125.74670067]
 [127.0090639 ]
 [127.56845493]
 [127.73524874]
 [128.12840072]
 [128.27867564]
 [129.91361623]
 [132.17798542]
 [135.80508587]
 [139.30900626]
 [136.4531022 ]
 [138.30909959]
 [138.38665222]
 [137.41744291]
 [135.96616711]
 [140.40485028]
 [120.83282376]
 [124.15505079]
 [127.63293679]
 [128.56347809]
 [127.82327711]
 [127.96655869]
 [128.9782856 ]
 [131.61896282]
 [133.46910142]
 [129.79328993]
 [128.57434923]
 [127.49349072]
 [126.61690835]
 [125.20920636]
 [125.19811915]
 [127.40499226]
 [118.76226758]
 [121.43685999]
 [122.67156986]
 [124.02831876]
 [124.97179667]
 [126.823285  ]
 [130.15590065]
 [128.45565233]
 [124.48680832]
 [119.35773569]
 [117.52205461]
 [115.73943426]
 [114.62196293]
 [114.2868625 ]
 [107.58502235]
 [104.3909271 ]
 [110.07271365]
 [113.21099464]
 [115.16186229]
 [116.38730624]
 [118.08514915]
 [121.30901028]
 [123.63856206]
 [123.48609451]
 [119.54849931]
 [115.12585832]
 [113.61322187]
 [111.35595755]
 [109.92354619]
 [100.77139077]
 [ 95.84892299]
 [ 90.66334746]
 [121.23080713]
 [123.03047645]
 [124.62444558]
 [128.75876368]
 [130.45202641]
 [130.73448577]
 [131.90942297]
 [134.065106  ]
 [138.01936557]
 [141.44511325]
 [138.54519383]
 [138.49949156]
 [139.50192701]
 [138.46052082]
 [110.31876019]
 [116.47830658]
 [119.98231243]
 [122.29839667]
 [122.88417685]
 [124.15910332]
 [128.5435936 ]
 [130.75628272]
 [127.91265134]
 [124.89935472]
 [122.42129332]
 [121.15305862]
 [119.7068656 ]
 [118.9142421 ]
 [112.18526168]
 [108.08244057]]