[[121.04084796]
 [123.34686914]
 [123.27770283]
 [122.29798944]
 [117.28923831]
 [112.73585407]
 [109.91234404]
 [109.36234756]
 [110.07259936]
 [111.54661024]
 [108.38480201]
 [113.99341638]
 [114.95579562]
 [117.60101841]
 [120.64471043]
 [123.16649368]
 [125.15079293]
 [128.09361369]
 [124.18165759]
 [120.54933898]
 [116.92123507]
 [112.0217646 ]
 [106.43387397]
 [102.37873493]
 [110.09771598]
 [125.8491674 ]
 [125.26071507]
 [128.58169078]
 [129.31227321]
 [128.35713956]
 [128.61098537]
 [127.63927917]
 [127.89359065]
 [128.84813007]
 [128.35274536]
 [123.74765539]
 [119.64663318]
 [116.36691551]
 [115.78056207]
 [119.96893101]
 [122.37894406]
 [123.30186065]
 [123.38079951]
 [122.61076129]
 [122.747015  ]
 [121.58161077]
 [120.49516303]
 [116.79505176]
 [111.86222204]
 [106.3466493 ]
 [103.29271106]
 [108.13643991]
 [112.59643671]
 [111.22124854]
 [119.84613614]
 [120.82833703]
 [121.27349959]
 [121.06507547]
 [118.82429159]
 [116.89728316]
 [113.05193454]
 [109.38509905]
 [104.84646701]
 [102.11193753]
 [102.50385835]
 [102.89575967]
 [ 98.45045766]
 [ 98.90221938]
 [120.42327502]
 [123.04394783]
 [122.07733326]
 [121.77599737]
 [118.25540284]
 [114.25527254]
 [110.25988462]
 [105.09688643]
 [101.19642803]
 [101.28387611]
 [ 92.90510005]
 [ 86.95885437]
 [ 84.17469397]
 [121.87739142]
 [121.15295456]
 [120.92094746]
 [119.15130987]
 [116.42485385]
 [112.40117318]
 [108.59009963]
 [104.5409894 ]
 [101.06255377]
 [ 91.48632753]
 [ 84.43954857]
 [ 77.82570252]
 [ 75.97842189]
 [124.75312683]
 [124.96989843]
 [123.49863899]
 [123.41324676]
 [121.27269697]
 [120.80406274]
 [116.92102403]
 [112.15470384]
 [106.63698638]
 [103.1134419 ]
 [108.52764889]
 [114.11821295]
 [121.79124381]
 [123.36233553]
 [122.45259242]
 [122.3668709 ]
 [118.26492902]
 [116.91561146]
 [113.33289129]
 [109.75599373]
 [105.24942366]
 [102.00501511]
 [102.71216789]
 [104.72745758]
 [ 99.3687044 ]
 [123.39403951]
 [124.52393765]
 [123.22705003]
 [121.45065303]
 [118.1637166 ]
 [114.31506808]
 [110.27623781]
 [105.19920402]
 [101.20794111]
 [101.53574354]
 [ 94.59248289]
 [ 88.10257967]
 [ 85.06244166]
 [123.42100884]
 [122.85880821]
 [120.76855623]
 [119.27058192]
 [116.41233955]
 [112.506044  ]
 [108.72798856]
 [104.1787022 ]
 [100.81126822]
 [ 93.33608781]
 [ 85.98668028]
 [ 78.6824771 ]
 [126.56421508]
 [125.94483486]
 [125.84568891]
 [124.87836476]
 [124.35137724]
 [120.86395754]
 [120.8356125 ]
 [117.08930767]
 [123.90025502]
 [123.53176462]
 [124.34049872]
 [124.50721642]
 [123.50752981]
 [118.09656037]
 [116.70594796]
 [113.54908975]
 [124.00151028]
 [124.2927716 ]
 [125.17449506]
 [126.16470432]
 [124.82723222]
 [121.53427842]
 [117.71915105]
 [114.14656868]
 [123.00943705]
 [123.5565623 ]
 [124.47006384]
 [125.77232942]
 [124.35846306]
 [121.99955786]
 [119.21400978]
 [116.08676671]
 [112.46541557]
 [129.98544934]
 [129.49044639]
 [126.79961229]
 [126.45497693]
 [126.46090851]
 [127.13687898]
 [126.31968894]
 [126.0470483 ]
 [125.53670776]
 [124.80362032]
 [121.20208237]
 [120.42723509]
 [117.08210381]
 [112.40047576]
 [106.90290737]
 [102.97264149]
 [126.19757604]
 [126.62514439]
 [125.63200763]
 [125.54875361]
 [125.07149085]
 [125.82483561]
 [127.17907124]
 [125.34502005]
 [121.93610736]
 [117.15898106]
 [113.88474575]
 [109.93676986]
 [104.89436359]
 [100.88322147]
 [101.58181648]
 [ 97.12223102]
 [125.43957853]
 [125.96057632]
 [124.88099706]
 [125.42811798]
 [125.6787313 ]
 [125.78095883]
 [125.54037062]
 [125.54199993]
 [125.92462205]
 [125.06010501]
 [121.60433111]
 [119.40272001]
 [116.58016769]
 [111.91638141]
 [106.45763488]
 [102.32369043]
 [124.65720088]
 [125.45286847]
 [127.61505827]
 [124.78779567]
 [123.79359995]
 [123.33742762]
 [123.53674395]
 [124.43973042]
 [123.49259365]
 [118.95922697]
 [114.84133274]
 [112.99418368]
 [109.48025663]
 [105.06849056]
 [100.8025931 ]
 [102.31377822]
 [119.32275445]
 [121.28970361]
 [122.09304684]
 [124.04574861]
 [124.92140118]
 [125.47486215]
 [126.78999233]
 [125.04533929]
 [121.55103364]
 [116.61201627]
 [112.64526011]
 [108.70225359]
 [103.75807064]
 [100.0393684 ]
 [100.7106324 ]
 [ 98.05736436]
 [114.91139381]
 [116.31799125]
 [117.88814136]
 [118.64120755]
 [120.35078118]
 [122.69909268]
 [122.3133716 ]
 [120.58962523]
 [118.32154515]
 [114.05806083]
 [111.45269139]
 [108.22803766]
 [102.80591311]
 [ 99.29406896]
 [ 96.96588964]
 [ 89.52767306]
 [121.43035017]
 [122.69857884]
 [122.00128363]
 [125.19636622]
 [124.49221143]
 [125.14962373]
 [124.68163689]
 [124.69827141]
 [126.12027521]
 [125.61781602]
 [122.38393442]
 [118.99662155]
 [116.62366356]
 [111.85667842]
 [119.76554701]
 [120.31152871]
 [121.70170159]
 [123.34457273]
 [123.57447796]
 [125.83784676]
 [129.43779624]
 [129.50866217]
 [127.26626574]
 [123.0798335 ]
 [117.58006905]
 [113.31471075]
 [107.83123808]
 [103.06004691]
 [102.7669141 ]
 [100.71944196]]