[[ 18.39897736]
 [ 22.32361609]
 [ 26.94211257]
 [ 32.71179593]
 [ 40.76254156]
 [ 49.9633937 ]
 [ 61.46445889]
 [ 76.4408824 ]
 [ 96.03980406]
 [119.09735895]
 [ 15.43576868]
 [ 17.6751246 ]
 [ 20.08748449]
 [ 23.09653579]
 [ 26.92870771]
 [ 31.43487842]
 [ 37.12262141]
 [ 45.17251064]
 [ 54.4095036 ]
 [ 65.94313467]
 [ 80.89451941]
 [100.44633022]
 [123.44912913]
 [153.42395048]
 [192.62179379]
 [  9.42735136]
 [ 10.70599168]
 [ 12.24417225]
 [ 14.18627523]
 [ 16.4640459 ]
 [ 19.41785113]
 [ 23.30249768]
 [ 27.92099416]
 [ 33.69411476]
 [ 41.77014429]
 [ 50.97099643]
 [ 62.47206162]
 [ 77.42344636]
 [ 97.00789139]
 [120.06544628]
 [ 22.61572738]
 [ 26.43608828]
 [ 30.92569238]
 [ 36.56528783]
 [ 44.57678377]
 [ 53.79972878]
 [ 65.30045458]
 [ 80.25139814]
 [ 99.82989077]
 [122.88676691]
 [152.86070589]
 [192.05739533]
 [238.1711476 ]
 [295.81333795]
 [ 20.73614345]
 [ 24.55456286]
 [ 29.07146371]
 [ 34.79774926]
 [ 42.86484031]
 [ 52.06542096]
 [ 63.56614677]
 [ 78.54079535]
 [ 98.13914007]
 [121.19601621]
 [151.16995519]
 [190.36664463]
 [236.4803969 ]
 [294.12258725]
 [ 18.84842245]
 [ 22.71067814]
 [ 27.3171551 ]
 [ 33.06904767]
 [ 41.11955574]
 [ 50.32393601]
 [ 61.85237408]
 [ 76.83934357]
 [ 96.43768829]
 [119.49456443]
 [149.46850341]
 [188.66519285]
 [234.77894513]
 [ 17.93776238]
 [ 21.85034282]
 [ 26.45153092]
 [ 32.20189383]
 [ 40.25581027]
 [ 49.47856073]
 [ 61.0069988 ]
 [ 75.99396829]
 [ 95.59231301]
 [118.64918914]
 [148.62312812]
 [187.81981756]
 [233.93409956]
 [ 26.50826719]
 [ 30.99095961]
 [ 36.64136085]
 [ 44.6613026 ]
 [ 53.89113579]
 [ 65.39186159]
 [ 80.34280515]
 [ 99.90910305]
 [122.96597919]
 [152.93991817]
 [192.1366076 ]
 [238.25035988]
 [ 20.8085406 ]
 [ 24.61965475]
 [ 29.15031431]
 [ 34.88226782]
 [ 42.95624704]
 [ 52.15682768]
 [ 63.65755349]
 [ 78.62000736]
 [ 98.21835208]
 [121.27522822]
 [151.2491672 ]
 [190.44585663]
 [236.56036389]
 [ 18.91328007]
 [ 22.78952822]
 [ 27.40167328]
 [ 33.16045401]
 [ 41.21096208]
 [ 50.41154272]
 [ 61.93158573]
 [ 76.91893681]
 [ 96.51785847]
 [119.57541335]
 [149.55023471]
 [188.74807802]
 [234.8631878 ]
 [ 18.01740809]
 [ 21.93577206]
 [ 26.54398407]
 [ 32.29451666]
 [ 40.34526229]
 [ 49.55949794]
 [ 61.08827538]
 [ 76.07568606]
 [ 95.67460771]
 [118.7321626 ]
 [148.70698396]
 [187.90482727]
 [ 22.75754678]
 [ 26.58191575]
 [ 31.05777081]
 [ 36.7225911 ]
 [ 44.74837528]
 [ 53.98509674]
 [ 65.48603103]
 [ 80.43697458]
 [ 17.96194202]
 [ 20.88261445]
 [ 24.6877995 ]
 [ 29.23301422]
 [ 34.97098021]
 [ 43.05229374]
 [ 52.25314588]
 [ 63.75421107]
 [ 13.82637342]
 [ 16.06844818]
 [ 18.99498939]
 [ 22.87862927]
 [ 27.49449045]
 [ 33.26053758]
 [ 41.31128321]
 [ 50.51213535]
 [ 10.97772852]
 [ 12.88500892]
 [ 15.13734736]
 [ 18.10790641]
 [ 22.02966654]
 [ 26.64497525]
 [ 32.39550785]
 [ 40.44625347]
 [ 49.64792545]
 [ 11.84356425]
 [ 13.30401101]
 [ 15.14144151]
 [ 17.38514561]
 [ 19.78335841]
 [ 22.80502041]
 [ 26.62971186]
 [ 31.10261059]
 [ 36.77693609]
 [ 44.80674376]
 [ 54.04373672]
 [ 65.54960212]
 [ 80.50098685]
 [100.05279766]
 [123.1047241 ]
 [153.07954545]
 [  9.1602877 ]
 [ 10.41676427]
 [ 11.93767701]
 [ 13.87606389]
 [ 16.12004083]
 [ 19.05193537]
 [ 22.9387934 ]
 [ 27.55522406]
 [ 33.32586283]
 [ 41.37660846]
 [ 50.57746061]
 [ 62.07852579]
 [ 77.06456159]
 [ 96.66348324]
 [119.72103813]
 [149.69585948]
 [ 11.915629  ]
 [ 13.37973189]
 [ 15.22032138]
 [ 17.4696446 ]
 [ 19.86127302]
 [ 22.87948128]
 [ 26.70640286]
 [ 31.17965301]
 [ 36.86486044]
 [ 44.90054114]
 [ 54.1375341 ]
 [ 65.65049466]
 [ 80.60187939]
 [100.1536902 ]
 [123.19305765]
 [153.167879  ]
 [ 10.6243092 ]
 [ 12.03310389]
 [ 13.74599726]
 [ 15.76867446]
 [ 18.08656992]
 [ 21.009098  ]
 [ 24.81543306]
 [ 29.37787532]
 [ 35.12550414]
 [ 43.20787297]
 [ 52.41935649]
 [ 63.92042168]
 [ 78.87180641]
 [ 98.44898758]
 [121.50654247]
 [151.48136382]
 [  9.22975139]
 [ 10.49684405]
 [ 12.01353444]
 [ 13.95270538]
 [ 16.19747629]
 [ 19.13982878]
 [ 23.0316697 ]
 [ 27.64899773]
 [ 33.42211833]
 [ 41.47747692]
 [ 50.67832906]
 [ 62.17939424]
 [ 77.15287219]
 [ 96.75179385]
 [119.80934874]
 [149.78417009]
 [  8.44756518]
 [  9.61670282]
 [ 11.10173977]
 [ 13.0209924 ]
 [ 15.28625924]
 [ 18.26094162]
 [ 22.18416946]
 [ 26.80266594]
 [ 32.56169713]
 [ 40.61244275]
 [ 49.8132949 ]
 [ 61.32220615]
 [ 76.30961682]
 [ 95.90853848]
 [118.96609337]
 [148.94091472]
 [ 11.97761716]
 [ 13.45251564]
 [ 15.29564098]
 [ 17.54375396]
 [ 19.93369472]
 [ 22.95110251]
 [ 26.78092195]
 [ 31.25743195]
 [ 36.95027986]
 [ 44.9916419 ]
 [ 54.22863486]
 [ 65.74848289]
 [ 80.69986763]
 [100.25167844]
 [  9.2938741 ]
 [ 10.56716962]
 [ 12.08598772]
 [ 14.02500845]
 [ 16.28403044]
 [ 19.22885508]
 [ 23.12190428]
 [ 27.74008845]
 [ 33.51320904]
 [ 41.57545494]
 [ 50.77630709]
 [ 62.27737227]
 [ 77.2386581 ]
 [ 96.83757976]
 [119.89513465]
 [149.869956  ]]