[[ 19.06472786]
 [ 22.63802049]
 [ 26.84333807]
 [ 32.09882435]
 [ 39.44667933]
 [ 47.84422789]
 [ 58.34116359]
 [ 71.98718   ]
 [ 89.83270058]
 [110.84671547]
 [ 17.03716636]
 [ 19.59374426]
 [ 22.50732887]
 [ 25.39601329]
 [ 28.8765189 ]
 [ 33.03570658]
 [ 38.28739877]
 [ 45.6545533 ]
 [ 54.06230066]
 [ 64.56170443]
 [ 78.193507  ]
 [ 96.01971036]
 [116.99171431]
 [144.25727021]
 [179.94685159]
 [ 10.55056308]
 [ 12.08321256]
 [ 13.90290393]
 [ 15.76821367]
 [ 17.81571308]
 [ 20.48725167]
 [ 24.0693273 ]
 [ 28.27320098]
 [ 33.53255167]
 [ 40.8900442 ]
 [ 49.28759276]
 [ 59.78452846]
 [ 73.43054487]
 [ 91.27533555]
 [112.27258342]
 [ 24.17238039]
 [ 27.7248568 ]
 [ 31.90912831]
 [ 37.19443468]
 [ 44.60375159]
 [ 52.98121592]
 [ 63.43961769]
 [ 77.04886435]
 [ 94.8750331 ]
 [115.84703706]
 [143.1106422 ]
 [178.76304892]
 [220.70705683]
 [273.15512619]
 [ 21.7742051 ]
 [ 25.33323502]
 [ 29.56101587]
 [ 34.85266855]
 [ 42.18130404]
 [ 50.54802546]
 [ 61.02018619]
 [ 74.65193851]
 [ 92.47810722]
 [113.45011118]
 [140.71371632]
 [176.36612305]
 [218.32983658]
 [270.84262066]
 [ 19.37768685]
 [ 22.97130451]
 [ 27.18263155]
 [ 32.41183243]
 [ 39.73335605]
 [ 48.12212671]
 [ 58.60809003]
 [ 72.23984235]
 [ 90.06601102]
 [111.03801498]
 [138.30162012]
 [173.98708764]
 [216.01511742]
 [ 18.20192477]
 [ 21.78267559]
 [ 25.9660363 ]
 [ 31.19523718]
 [ 38.53489308]
 [ 46.92366374]
 [ 57.40962706]
 [ 71.04137938]
 [ 88.86754804]
 [109.83955199]
 [137.12678182]
 [172.84806346]
 [214.87609324]
 [ 27.88709575]
 [ 32.07898036]
 [ 37.35476989]
 [ 44.75585176]
 [ 53.13669846]
 [ 63.59524458]
 [ 77.21884391]
 [ 95.04504727]
 [116.01705123]
 [143.28065637]
 [178.9330631 ]
 [220.87707101]
 [ 21.93509429]
 [ 25.50194398]
 [ 29.72145503]
 [ 35.00482189]
 [ 42.3368102 ]
 [ 50.70411368]
 [ 61.19011566]
 [ 74.82191823]
 [ 92.64812159]
 [113.62012555]
 [140.88373069]
 [176.53613742]
 [218.51755231]
 [ 19.54312041]
 [ 23.13187449]
 [ 27.33496266]
 [ 32.56737755]
 [ 39.90321615]
 [ 48.29201773]
 [ 58.77801971]
 [ 72.40982228]
 [ 90.23602564]
 [111.2080296 ]
 [138.48480363]
 [174.18427846]
 [216.21230823]
 [ 18.36252389]
 [ 21.93533626]
 [ 26.12157878]
 [ 31.36455185]
 [ 38.70475323]
 [ 47.09355482]
 [ 57.57955679]
 [ 71.21135937]
 [ 89.03756273]
 [110.02246529]
 [137.3214291 ]
 [173.04525441]
 [ 24.55105507]
 [ 28.05677959]
 [ 32.25957562]
 [ 37.52065528]
 [ 44.91306426]
 [ 53.29721947]
 [ 63.76221247]
 [ 77.39401504]
 [ 19.42753431]
 [ 22.10477799]
 [ 25.67620634]
 [ 29.88734162]
 [ 35.16203484]
 [ 42.49733144]
 [ 50.87928546]
 [ 61.36528744]
 [ 14.90185442]
 [ 16.98044432]
 [ 19.71165924]
 [ 23.29776265]
 [ 27.4921762 ]
 [ 32.7381874 ]
 [ 40.07838878]
 [ 48.46719037]
 [ 11.93169692]
 [ 13.68724063]
 [ 15.78834619]
 [ 18.52841247]
 [ 22.09619092]
 [ 26.29672372]
 [ 31.53972471]
 [ 38.87992609]
 [ 47.26872767]
 [ 13.111585  ]
 [ 14.69199622]
 [ 16.70858881]
 [ 19.25573603]
 [ 21.9776693 ]
 [ 24.67092946]
 [ 28.16657291]
 [ 32.37645305]
 [ 37.6280109 ]
 [ 45.01479679]
 [ 53.40057947]
 [ 63.8755683 ]
 [ 77.50737087]
 [ 95.33357423]
 [116.30557819]
 [143.56918333]
 [ 10.20573994]
 [ 11.68807087]
 [ 13.27889346]
 [ 15.0230029 ]
 [ 17.08834529]
 [ 19.82074788]
 [ 23.40101948]
 [ 27.59995893]
 [ 32.85154625]
 [ 40.19174763]
 [ 48.58054921]
 [ 59.06655119]
 [ 72.69835376]
 [ 90.52455712]
 [111.51135749]
 [138.80339031]
 [ 13.19389346]
 [ 14.77472161]
 [ 16.79171248]
 [ 19.34792172]
 [ 22.12059839]
 [ 24.85627287]
 [ 28.33434118]
 [ 32.55716824]
 [ 37.79399594]
 [ 45.17204687]
 [ 53.56099134]
 [ 64.05079368]
 [ 77.68259625]
 [ 95.50879961]
 [116.48080357]
 [143.74440871]
 [ 11.76985082]
 [ 13.31935397]
 [ 15.27731207]
 [ 17.63826012]
 [ 19.73276664]
 [ 22.38889347]
 [ 25.96850865]
 [ 30.16069484]
 [ 35.42102218]
 [ 42.77590963]
 [ 51.16787351]
 [ 61.65387549]
 [ 75.28567806]
 [ 93.11188142]
 [114.08388538]
 [141.35232702]
 [ 10.28205489]
 [ 11.80124949]
 [ 13.45961582]
 [ 15.20875965]
 [ 17.25252307]
 [ 19.98989938]
 [ 23.56803742]
 [ 27.77191111]
 [ 33.02675321]
 [ 40.36698583]
 [ 48.75578742]
 [ 59.24178939]
 [ 72.87359197]
 [ 90.71101547]
 [111.70488687]
 [138.99843919]
 [  9.54289504]
 [ 10.88658123]
 [ 12.23815999]
 [ 13.97569848]
 [ 16.07506998]
 [ 18.80607597]
 [ 22.3793686 ]
 [ 26.58324228]
 [ 31.82832412]
 [ 39.1685255 ]
 [ 47.55732708]
 [ 58.04990736]
 [ 71.69592377]
 [ 89.54071445]
 [110.54120112]
 [137.85942047]
 [ 13.27186711]
 [ 14.8527818 ]
 [ 16.87754404]
 [ 19.43743766]
 [ 22.26270539]
 [ 25.03609367]
 [ 28.51137867]
 [ 32.73015257]
 [ 37.95503733]
 [ 45.32464866]
 [ 53.72782462]
 [ 64.22083176]
 [ 77.85263433]
 [ 95.6788377 ]
 [ 10.36419291]
 [ 11.89334806]
 [ 13.62947249]
 [ 15.39062124]
 [ 17.43414807]
 [ 20.16622886]
 [ 23.73487795]
 [ 27.93875164]
 [ 33.19359374]
 [ 40.53702935]
 [ 48.92583094]
 [ 59.41183291]
 [ 73.05399132]
 [ 90.89878201]
 [111.89265341]
 [139.19568966]]