[[ 22.19116302]
 [ 25.37034344]
 [ 29.17827185]
 [ 33.93818237]
 [ 40.6020571 ]
 [ 48.21791393]
 [ 57.73773496]
 [ 70.11350231]
 [ 86.29719808]
 [105.33684015]
 [ 23.14436454]
 [ 26.41166917]
 [ 29.998722  ]
 [ 33.47407917]
 [ 37.0511096 ]
 [ 40.88525723]
 [ 45.62117714]
 [ 52.18172926]
 [ 59.79758609]
 [ 69.31740713]
 [ 81.69317448]
 [ 97.87687024]
 [116.91651232]
 [141.66804702]
 [174.03543854]
 [ 14.11514051]
 [ 16.01799123]
 [ 18.21630824]
 [ 20.32989742]
 [ 22.33975145]
 [ 24.82926345]
 [ 28.00359988]
 [ 31.7411252 ]
 [ 36.50024605]
 [ 43.16412078]
 [ 50.77997761]
 [ 60.29979865]
 [ 72.675566  ]
 [ 88.85926176]
 [107.89890383]
 [ 32.10772849]
 [ 35.44223727]
 [ 39.28932362]
 [ 44.06381109]
 [ 50.72768581]
 [ 58.34354264]
 [ 67.86336368]
 [ 80.23913103]
 [ 96.42282679]
 [115.46246887]
 [140.21400356]
 [172.58139509]
 [210.66067924]
 [258.25978443]
 [ 27.72312725]
 [ 30.99052754]
 [ 34.80932452]
 [ 39.56923504]
 [ 46.23310976]
 [ 53.84896659]
 [ 63.36878763]
 [ 75.74455498]
 [ 91.92825074]
 [110.96789282]
 [135.71942751]
 [168.08681904]
 [206.16610319]
 [253.76520838]
 [ 23.2313431 ]
 [ 26.47837311]
 [ 30.28630153]
 [ 35.04621204]
 [ 41.71008677]
 [ 49.3259436 ]
 [ 58.84576464]
 [ 71.22153199]
 [ 87.40522775]
 [106.44486983]
 [131.19640452]
 [163.56379605]
 [201.6430802 ]
 [ 20.99434606]
 [ 24.23108522]
 [ 28.03901363]
 [ 32.79892415]
 [ 39.46279888]
 [ 47.07865571]
 [ 56.59847674]
 [ 68.97424409]
 [ 85.15793986]
 [104.19758193]
 [128.94911663]
 [161.31650816]
 [199.3957923 ]
 [ 35.68946938]
 [ 39.52971483]
 [ 44.28024097]
 [ 50.9441157 ]
 [ 58.55997253]
 [ 68.07979357]
 [ 80.45556092]
 [ 96.63925668]
 [115.67889875]
 [140.43043345]
 [172.79782498]
 [210.87710913]
 [ 27.96497111]
 [ 31.22818333]
 [ 35.02575384]
 [ 39.78566436]
 [ 46.44953908]
 [ 54.06539591]
 [ 63.58521695]
 [ 75.9609843 ]
 [ 92.14468006]
 [111.18432214]
 [135.93585684]
 [168.30324836]
 [206.38253251]
 [ 23.46899926]
 [ 26.69480169]
 [ 30.50273011]
 [ 35.26264062]
 [ 41.92651535]
 [ 49.54237218]
 [ 59.06219322]
 [ 71.43796057]
 [ 87.62165633]
 [106.66129841]
 [131.4128331 ]
 [163.78022463]
 [201.85950878]
 [ 21.21077445]
 [ 24.4475136 ]
 [ 28.25544202]
 [ 33.01535254]
 [ 39.67922726]
 [ 47.29508409]
 [ 56.81490513]
 [ 69.19067248]
 [ 85.37436824]
 [104.41401032]
 [129.16554501]
 [161.53293654]
 [ 32.56410054]
 [ 35.93748581]
 [ 39.77457923]
 [ 44.51779713]
 [ 51.16708942]
 [ 58.78294625]
 [ 68.30276728]
 [ 80.67853463]
 [ 25.65273808]
 [ 28.21095908]
 [ 31.47304866]
 [ 35.25585397]
 [ 40.00863617]
 [ 46.6725109 ]
 [ 54.28836773]
 [ 63.80818877]
 [ 19.30891355]
 [ 21.23557301]
 [ 23.71386582]
 [ 26.917771  ]
 [ 30.72569942]
 [ 35.48560994]
 [ 42.14948466]
 [ 49.76534149]
 [ 15.42974412]
 [ 17.08150725]
 [ 18.99229629]
 [ 21.43374311]
 [ 24.67048226]
 [ 28.47841067]
 [ 33.23832119]
 [ 39.90219592]
 [ 47.51805275]
 [ 17.99348601]
 [ 20.08746027]
 [ 22.65141444]
 [ 25.91340652]
 [ 29.3384115 ]
 [ 32.71012352]
 [ 36.09288534]
 [ 39.93303499]
 [ 44.67468414]
 [ 51.31133785]
 [ 58.92719468]
 [ 68.44701571]
 [ 80.82278306]
 [ 97.00647883]
 [116.0461209 ]
 [140.7976556 ]
 [ 13.67413974]
 [ 15.56535509]
 [ 17.54038053]
 [ 19.44696252]
 [ 21.38825135]
 [ 23.87232592]
 [ 27.0620106 ]
 [ 30.86993902]
 [ 35.62984954]
 [ 42.29372426]
 [ 49.90958109]
 [ 59.42940213]
 [ 71.80516948]
 [ 87.98886524]
 [107.02850732]
 [131.78004201]
 [ 18.10258731]
 [ 20.21576097]
 [ 22.78092821]
 [ 26.04384707]
 [ 29.52596975]
 [ 32.92501408]
 [ 36.34173204]
 [ 40.17797739]
 [ 44.91713616]
 [ 51.53415285]
 [ 59.15000968]
 [ 68.66983072]
 [ 81.04559807]
 [ 97.22929383]
 [116.26893591]
 [141.0204706 ]
 [ 16.04386717]
 [ 18.01242154]
 [ 20.50968148]
 [ 23.44272236]
 [ 25.98376223]
 [ 28.62080118]
 [ 31.87645666]
 [ 35.6551913 ]
 [ 40.37567959]
 [ 47.03955432]
 [ 54.65541115]
 [ 64.17523218]
 [ 76.55099953]
 [ 92.7346953 ]
 [111.77433737]
 [136.52587207]
 [ 13.80013648]
 [ 15.68622698]
 [ 17.71265876]
 [ 19.66257909]
 [ 21.62426804]
 [ 24.11728676]
 [ 27.29442801]
 [ 31.09271651]
 [ 35.85262703]
 [ 42.51650175]
 [ 50.13235858]
 [ 59.65217962]
 [ 72.02794697]
 [ 88.21164273]
 [107.25128481]
 [132.0028195 ]
 [ 12.6275724 ]
 [ 14.2379187 ]
 [ 15.79069025]
 [ 17.47020523]
 [ 19.39572062]
 [ 21.82613161]
 [ 25.03749245]
 [ 28.84542086]
 [ 33.60533138]
 [ 40.26920611]
 [ 47.88506294]
 [ 57.40488398]
 [ 69.78065133]
 [ 85.96434709]
 [105.00398916]
 [129.75552386]
 [ 18.19415832]
 [ 20.32938313]
 [ 22.90624651]
 [ 26.17169046]
 [ 29.70370895]
 [ 33.11000596]
 [ 36.58321774]
 [ 40.41566727]
 [ 45.15246559]
 [ 51.7505128 ]
 [ 59.36636963]
 [ 68.88619066]
 [ 81.26195801]
 [ 97.44565378]
 [ 13.91053423]
 [ 15.79870723]
 [ 17.87729738]
 [ 19.88771864]
 [ 21.85329212]
 [ 24.35498446]
 [ 27.52975609]
 [ 31.30906055]
 [ 36.06897107]
 [ 42.7328458 ]
 [ 50.34870263]
 [ 59.86852366]
 [ 72.24429101]
 [ 88.42798678]
 [107.46762885]
 [132.21916355]]