[[ 21.63998964]
 [ 24.82321702]
 [ 28.58483225]
 [ 33.24444313]
 [ 39.77436656]
 [ 47.2371362 ]
 [ 56.56559825]
 [ 68.73224   ]
 [ 84.65509178]
 [103.38785859]
 [ 25.74705262]
 [ 28.01306072]
 [ 30.34210372]
 [ 32.87464579]
 [ 35.88549889]
 [ 39.47356583]
 [ 44.11076905]
 [ 50.68876247]
 [ 58.12767542]
 [ 67.43426633]
 [ 79.56126699]
 [ 95.41965247]
 [114.07657656]
 [138.36336211]
 [170.20906568]
 [ 15.52609903]
 [ 16.82732722]
 [ 18.28099976]
 [ 19.8987465 ]
 [ 21.73267036]
 [ 24.09919026]
 [ 27.30513246]
 [ 31.05010585]
 [ 35.75702959]
 [ 42.28207587]
 [ 49.74484551]
 [ 59.07330755]
 [ 71.20030822]
 [ 87.11267211]
 [105.84543891]
 [ 31.13381855]
 [ 34.11615523]
 [ 37.6924137 ]
 [ 42.26004962]
 [ 48.73014385]
 [ 56.14641378]
 [ 65.47487583]
 [ 77.60187649]
 [ 93.46026197]
 [112.11718607]
 [136.41034513]
 [168.2560487 ]
 [205.72158231]
 [252.55349932]
 [ 26.69313945]
 [ 29.73892373]
 [ 33.40206029]
 [ 38.0225109 ]
 [ 44.51635012]
 [ 51.97911976]
 [ 61.3075818 ]
 [ 73.43458247]
 [ 89.29296795]
 [107.98795669]
 [132.34055354]
 [164.18625711]
 [201.65179071]
 [248.48370773]
 [ 22.31544102]
 [ 25.44227219]
 [ 29.13371692]
 [ 33.7927575 ]
 [ 40.32268093]
 [ 47.78545057]
 [ 57.11391262]
 [ 69.24091328]
 [ 85.15964052]
 [103.89240732]
 [128.24500417]
 [160.09070774]
 [197.55624134]
 [ 20.18074175]
 [ 23.31846977]
 [ 27.0448794 ]
 [ 31.70911042]
 [ 38.23903386]
 [ 45.7018035 ]
 [ 55.03026554]
 [ 67.20189273]
 [ 83.12474452]
 [101.85751132]
 [126.21010817]
 [158.05581174]
 [195.52134535]
 [ 34.40704292]
 [ 37.94869665]
 [ 42.55277236]
 [ 49.03028908]
 [ 56.43794644]
 [ 65.76640849]
 [ 77.89340915]
 [ 93.75179463]
 [112.40871872]
 [136.70090728]
 [168.54661085]
 [206.01214446]
 [ 26.9822953 ]
 [ 29.9953581 ]
 [ 33.69626214]
 [ 38.32265652]
 [ 44.80788304]
 [ 52.27065268]
 [ 61.59911472]
 [ 73.72611539]
 [ 89.58450087]
 [108.27851971]
 [132.63111656]
 [164.47682013]
 [201.94235374]
 [ 22.5867932 ]
 [ 25.73814465]
 [ 29.43386305]
 [ 34.08429077]
 [ 40.6142142 ]
 [ 48.07698384]
 [ 57.40544589]
 [ 69.53244655]
 [ 85.45020469]
 [104.18297149]
 [128.53556834]
 [160.3812719 ]
 [197.84680551]
 [ 20.47616567]
 [ 23.61861603]
 [ 27.33641276]
 [ 32.00064379]
 [ 38.53056722]
 [ 45.99333686]
 [ 55.32179891]
 [ 67.4924572 ]
 [ 83.41530899]
 [102.14807579]
 [126.50067264]
 [158.34637621]
 [ 31.71498365]
 [ 34.68227978]
 [ 38.2214562 ]
 [ 42.83804532]
 [ 49.33839557]
 [ 56.73832031]
 [ 66.06678236]
 [ 78.19378302]
 [ 24.98397084]
 [ 27.25176406]
 [ 30.27464135]
 [ 33.98153614]
 [ 38.62933213]
 [ 45.1082578 ]
 [ 52.57102744]
 [ 61.89948949]
 [ 18.73061927]
 [ 20.49739086]
 [ 22.87087514]
 [ 26.03458763]
 [ 29.74311666]
 [ 34.38466671]
 [ 40.91459014]
 [ 48.37735978]
 [ 15.01735766]
 [ 16.51777475]
 [ 18.34499391]
 [ 20.76393823]
 [ 23.92727073]
 [ 27.63678901]
 [ 32.30102003]
 [ 38.83094347]
 [ 46.29371311]
 [ 21.19382269]
 [ 22.92597871]
 [ 24.94416846]
 [ 27.09945192]
 [ 29.44256489]
 [ 31.90112641]
 [ 34.85667242]
 [ 38.39667009]
 [ 43.02264933]
 [ 49.53530318]
 [ 56.93269336]
 [ 66.26115541]
 [ 78.38815607]
 [ 94.24654155]
 [112.90346565]
 [137.19406417]
 [ 14.81019083]
 [ 16.01750506]
 [ 17.40063513]
 [ 18.9043373 ]
 [ 20.67015067]
 [ 23.04728048]
 [ 26.21919644]
 [ 29.94148787]
 [ 34.57904392]
 [ 41.10896735]
 [ 48.57173699]
 [ 57.90019904]
 [ 70.0271997 ]
 [ 85.94338207]
 [104.67614887]
 [129.02874572]
 [ 21.37173426]
 [ 23.11941754]
 [ 25.16133591]
 [ 27.33261296]
 [ 29.67138367]
 [ 32.18510612]
 [ 35.12034298]
 [ 38.6608787 ]
 [ 43.30800872]
 [ 49.83972154]
 [ 57.23314189]
 [ 66.56160393]
 [ 78.6886046 ]
 [ 94.54699008]
 [113.20391417]
 [137.49369954]
 [ 18.33502183]
 [ 19.89748825]
 [ 21.56242687]
 [ 23.52401023]
 [ 25.43034044]
 [ 27.68404587]
 [ 30.72293172]
 [ 34.45286122]
 [ 39.13067676]
 [ 45.6030888 ]
 [ 53.06585844]
 [ 62.39432048]
 [ 74.52132115]
 [ 90.37970663]
 [109.0713459 ]
 [133.42394275]
 [ 15.01137712]
 [ 16.2491783 ]
 [ 17.63160625]
 [ 19.1792723 ]
 [ 20.93002518]
 [ 23.3171903 ]
 [ 26.50059776]
 [ 30.24594118]
 [ 34.87951009]
 [ 41.40943352]
 [ 48.87220316]
 [ 58.20066521]
 [ 70.32766587]
 [ 86.2430755 ]
 [104.9758423 ]
 [129.32843915]
 [ 13.16582368]
 [ 14.23409718]
 [ 15.45459948]
 [ 16.95514491]
 [ 18.78728796]
 [ 21.22671873]
 [ 24.41630993]
 [ 28.13163563]
 [ 32.79586666]
 [ 39.32579009]
 [ 46.78855973]
 [ 56.11702178]
 [ 68.2853397 ]
 [ 84.20819149]
 [102.94095829]
 [127.29355514]
 [ 21.53885321]
 [ 23.30842901]
 [ 25.36204713]
 [ 27.56283175]
 [ 29.89295601]
 [ 32.42717426]
 [ 35.37259075]
 [ 38.93145891]
 [ 43.58487685]
 [ 50.1350948 ]
 [ 57.5321048 ]
 [ 66.85316949]
 [ 78.98017015]
 [ 94.83855563]
 [ 15.20051356]
 [ 16.45281279]
 [ 17.8349584 ]
 [ 19.42741764]
 [ 21.19580957]
 [ 23.57662732]
 [ 26.76965957]
 [ 30.52547351]
 [ 35.17108312]
 [ 41.70100656]
 [ 49.16377619]
 [ 58.49223824]
 [ 70.6192389 ]
 [ 86.5337705 ]
 [105.2665373 ]
 [129.61913415]]