[[ 23.20308904]
 [ 26.17400014]
 [ 29.65178458]
 [ 33.97112043]
 [ 40.05957164]
 [ 47.04570807]
 [ 55.7825087 ]
 [ 67.14682968]
 [ 82.03071493]
 [ 99.5437074 ]
 [ 27.14279485]
 [ 30.03996934]
 [ 33.07632607]
 [ 36.07224096]
 [ 39.2397766 ]
 [ 42.85524761]
 [ 47.53417112]
 [ 53.76153706]
 [ 60.70962621]
 [ 69.35032403]
 [ 80.64823532]
 [ 95.48383438]
 [112.95441248]
 [135.71633719]
 [165.4884244 ]
 [ 16.59501625]
 [ 18.27763139]
 [ 20.20465425]
 [ 21.91969608]
 [ 23.73026651]
 [ 26.11677572]
 [ 29.20993379]
 [ 32.70066237]
 [ 37.04789292]
 [ 43.10238492]
 [ 50.0600784 ]
 [ 58.7927747 ]
 [ 70.15076247]
 [ 85.0117976 ]
 [102.52377519]
 [ 33.93312427]
 [ 37.17739264]
 [ 40.87498468]
 [ 45.57118305]
 [ 51.91474809]
 [ 58.90507624]
 [ 67.60049353]
 [ 78.90764502]
 [ 93.70068161]
 [111.212994  ]
 [133.9790001 ]
 [163.74993116]
 [198.77455594]
 [242.68551484]
 [ 29.11597711]
 [ 32.26841829]
 [ 36.01791535]
 [ 40.53356317]
 [ 46.64181215]
 [ 53.59730382]
 [ 62.29549023]
 [ 73.61139194]
 [ 88.49685747]
 [106.00916986]
 [128.77517596]
 [158.54610702]
 [193.70027442]
 [237.75227586]
 [ 24.18655244]
 [ 27.32488453]
 [ 30.86881741]
 [ 35.21455445]
 [ 41.29832004]
 [ 48.2599454 ]
 [ 56.99163077]
 [ 68.37463382]
 [ 83.26009935]
 [100.77241174]
 [123.53885186]
 [153.49421284]
 [188.73581399]
 [ 21.72431876]
 [ 24.73718543]
 [ 28.21333108]
 [ 32.55888093]
 [ 38.6486151 ]
 [ 45.63356169]
 [ 54.38971788]
 [ 65.77272094]
 [ 80.65818647]
 [ 98.17049886]
 [121.07223157]
 [151.02759255]
 [186.26919371]
 [ 37.50657706]
 [ 41.17295731]
 [ 45.83982236]
 [ 52.19472222]
 [ 59.15698068]
 [ 67.85288596]
 [ 79.14933842]
 [ 93.95221114]
 [111.46278537]
 [134.22879147]
 [163.99972253]
 [199.02434731]
 [ 29.44426939]
 [ 32.56639331]
 [ 36.28477921]
 [ 40.81013584]
 [ 46.89372002]
 [ 53.84973875]
 [ 62.53795064]
 [ 73.86217021]
 [ 88.74665238]
 [106.25896477]
 [129.02497087]
 [158.79590193]
 [193.9346205 ]
 [ 24.48720107]
 [ 27.59027848]
 [ 31.12592454]
 [ 35.46646685]
 [ 41.55055838]
 [ 48.50228974]
 [ 57.24143033]
 [ 68.62443339]
 [ 83.50989892]
 [101.02221131]
 [123.78821741]
 [153.72856347]
 [188.97016462]
 [ 21.99283507]
 [ 24.99429362]
 [ 28.46524466]
 [ 32.81132154]
 [ 38.89306986]
 [ 45.88336247]
 [ 54.63951867]
 [ 66.02252172]
 [ 80.90798725]
 [ 98.42029964]
 [121.30716412]
 [151.26364156]
 [ 34.59474731]
 [ 37.83660948]
 [ 41.47823115]
 [ 46.13869691]
 [ 52.47995554]
 [ 59.41660781]
 [ 68.11251309]
 [ 79.40777029]
 [ 27.31062221]
 [ 29.76759171]
 [ 32.86169404]
 [ 36.57883694]
 [ 41.09004034]
 [ 47.15335873]
 [ 54.10992007]
 [ 62.79813196]
 [ 20.56660368]
 [ 22.38346615]
 [ 24.78558431]
 [ 27.88903991]
 [ 31.39722857]
 [ 35.73260061]
 [ 41.81743903]
 [ 48.76855854]
 [ 16.53179873]
 [ 18.07541468]
 [ 19.91588473]
 [ 22.2966859 ]
 [ 25.27659688]
 [ 28.73493117]
 [ 33.08166844]
 [ 39.16741634]
 [ 46.15293957]
 [ 21.76277825]
 [ 23.87057725]
 [ 26.30147813]
 [ 29.08147047]
 [ 31.97438141]
 [ 34.81421199]
 [ 38.04565463]
 [ 41.66408197]
 [ 46.33224606]
 [ 52.65526543]
 [ 59.58529944]
 [ 68.28154657]
 [ 79.57759175]
 [ 94.38164624]
 [111.88956538]
 [134.6564556 ]
 [ 15.79891353]
 [ 17.37875166]
 [ 19.0739657 ]
 [ 20.77117615]
 [ 22.58469722]
 [ 24.97994222]
 [ 28.08451912]
 [ 31.58944662]
 [ 35.9092865 ]
 [ 41.99443106]
 [ 48.95180068]
 [ 57.68359326]
 [ 69.0648926 ]
 [ 83.9509362 ]
 [101.46392868]
 [124.23081889]
 [ 21.9493543 ]
 [ 24.06608626]
 [ 26.5172269 ]
 [ 29.33954551]
 [ 32.26393202]
 [ 35.16080535]
 [ 38.37151556]
 [ 41.9648519 ]
 [ 46.64416206]
 [ 52.93492974]
 [ 59.86097271]
 [ 68.55528144]
 [ 79.85179686]
 [ 94.6574661 ]
 [112.1610853 ]
 [134.92797551]
 [ 19.13569442]
 [ 21.02380118]
 [ 23.18748372]
 [ 25.66470787]
 [ 27.86577041]
 [ 30.28671118]
 [ 33.35572919]
 [ 37.08473227]
 [ 41.55193211]
 [ 47.60501192]
 [ 54.56008356]
 [ 63.24925126]
 [ 74.58276611]
 [ 89.4518226 ]
 [106.96481508]
 [129.73170529]
 [ 16.03500158]
 [ 17.62867282]
 [ 19.38206338]
 [ 21.06235898]
 [ 22.89572004]
 [ 25.28108118]
 [ 28.37283399]
 [ 31.87435245]
 [ 36.18666099]
 [ 42.26888642]
 [ 49.23585074]
 [ 57.96667088]
 [ 69.33667052]
 [ 84.22271413]
 [101.7357066 ]
 [124.50259682]
 [ 14.30323381]
 [ 15.71790521]
 [ 17.00713836]
 [ 18.57657825]
 [ 20.41141991]
 [ 22.77236438]
 [ 25.74810528]
 [ 29.20871051]
 [ 33.53316184]
 [ 39.63475133]
 [ 46.61991351]
 [ 55.35977284]
 [ 66.73851048]
 [ 81.62455408]
 [ 99.13754655]
 [121.98133846]
 [ 22.12906909]
 [ 24.2478628 ]
 [ 26.72493366]
 [ 29.58458184]
 [ 32.55229941]
 [ 35.48026578]
 [ 38.66447928]
 [ 42.25638572]
 [ 46.94256445]
 [ 53.21051575]
 [ 60.13115017]
 [ 68.82030661]
 [ 80.11728125]
 [ 94.93294606]
 [ 16.22774032]
 [ 17.85016446]
 [ 19.67597098]
 [ 21.33598885]
 [ 23.18339223]
 [ 25.57247739]
 [ 28.65189521]
 [ 32.1500494 ]
 [ 36.47791346]
 [ 42.53447687]
 [ 49.51080918]
 [ 58.2422495 ]
 [ 69.60418698]
 [ 84.48568133]
 [101.9986738 ]
 [124.76556402]]