[[122.23839653]
 [124.09098675]
 [123.06384634]
 [122.314135  ]
 [123.14787247]
 [123.51378727]
 [123.67027156]
 [123.2517852 ]
 [123.00211217]
 [119.86591151]
 [112.19696415]
 [114.54870838]
 [119.85357404]
 [122.42533005]
 [121.52747152]
 [121.2287342 ]
 [122.60614304]
 [122.59540891]
 [122.74765541]
 [122.37505705]
 [122.046268  ]
 [122.18704776]
 [121.87021051]
 [121.9685122 ]
 [117.87433179]
 [122.40013679]
 [124.29707712]
 [126.92426749]
 [129.0487206 ]
 [132.29951628]
 [128.45563108]
 [118.38843982]
 [121.18657371]
 [119.95783182]
 [118.87157551]
 [117.79425351]
 [121.36391479]
 [119.92482501]
 [120.70082639]
 [120.68550649]
 [120.19829731]
 [124.82962725]
 [127.15994795]
 [128.60514357]
 [129.75362869]
 [130.78577759]
 [131.76169776]
 [134.66823843]
 [136.11125322]
 [135.33481931]
 [134.71845584]
 [133.99142776]
 [131.94722596]
 [129.12958309]
 [120.44947746]
 [125.21380202]
 [127.85845446]
 [129.18003157]
 [130.35539242]
 [130.86830285]
 [132.69774671]
 [133.96686017]
 [134.94951262]
 [135.10945127]
 [134.91814288]
 [133.58690113]
 [131.37776122]
 [129.28916772]
 [122.26814834]
 [125.32466349]
 [128.37073236]
 [130.15228218]
 [130.63761712]
 [131.11914507]
 [132.77077653]
 [134.33460146]
 [135.3860386 ]
 [135.66479001]
 [134.65460207]
 [133.06531687]
 [131.49101842]
 [122.34762824]
 [124.92031756]
 [127.68176899]
 [130.23612648]
 [130.52493141]
 [131.81109194]
 [133.48596715]
 [135.29056159]
 [135.75130785]
 [135.48570838]
 [134.56593297]
 [133.28857344]
 [131.9356964 ]
 [125.63636548]
 [128.71696306]
 [129.58350728]
 [130.29314655]
 [130.88587332]
 [130.90820658]
 [132.58284374]
 [132.37276162]
 [131.9261738 ]
 [130.64615496]
 [130.16076923]
 [128.00424724]
 [120.17347954]
 [127.30360019]
 [128.01729976]
 [128.83464376]
 [130.22100874]
 [130.27639782]
 [131.2388814 ]
 [131.34846047]
 [131.71581869]
 [131.42095595]
 [130.95807782]
 [128.82650821]
 [126.78239227]
 [122.64432725]
 [125.2851582 ]
 [127.96250828]
 [128.62419539]
 [129.86822466]
 [130.9329702 ]
 [130.9908976 ]
 [131.56033698]
 [132.2557106 ]
 [131.46415395]
 [129.81422785]
 [127.84190585]
 [127.04294918]
 [122.29628031]
 [124.42286369]
 [127.09578013]
 [128.93683317]
 [129.11770493]
 [130.84124008]
 [132.35659731]
 [132.54934599]
 [131.78534794]
 [130.7659055 ]
 [129.10103247]
 [127.9559505 ]
 [131.23278441]
 [131.7090733 ]
 [131.85351294]
 [133.77066815]
 [135.21049789]
 [133.1664367 ]
 [131.09985511]
 [131.17095709]
 [126.98956267]
 [129.34906595]
 [131.09995238]
 [132.21810175]
 [133.66821589]
 [132.330929  ]
 [131.28001186]
 [130.87568275]
 [125.80216303]
 [126.54707545]
 [128.42213825]
 [130.83044272]
 [130.93443949]
 [129.43687175]
 [129.68009622]
 [129.94661663]
 [124.02957621]
 [123.73791327]
 [125.98225896]
 [127.69920833]
 [128.87745217]
 [129.25310329]
 [128.71191869]
 [129.07391833]
 [129.12310723]
 [133.98529358]
 [134.82795773]
 [135.23957771]
 [131.36219962]
 [131.43787389]
 [130.00888151]
 [129.58459632]
 [130.42741845]
 [131.800618  ]
 [133.16365062]
 [133.1158357 ]
 [132.4934906 ]
 [129.60888017]
 [126.87614463]
 [124.44554258]
 [123.36241282]
 [125.05737494]
 [128.25857754]
 [130.76747191]
 [126.11516311]
 [127.37869962]
 [129.29148566]
 [130.09566382]
 [130.15750492]
 [129.47027422]
 [128.85435881]
 [128.34438519]
 [127.24322167]
 [125.30853865]
 [122.58435178]
 [121.38818366]
 [120.31460208]
 [125.16125388]
 [125.82939378]
 [126.3764663 ]
 [126.19818281]
 [125.19953812]
 [126.21590708]
 [128.57561048]
 [128.78086206]
 [128.2770343 ]
 [128.09678302]
 [127.98643436]
 [126.47869688]
 [126.35025859]
 [125.07587873]
 [121.31609227]
 [118.41992249]
 [129.08446297]
 [130.84465322]
 [132.7766917 ]
 [126.98032559]
 [129.42477228]
 [129.84416116]
 [129.16603171]
 [128.93286623]
 [128.16996822]
 [127.35290669]
 [125.58409056]
 [125.12440517]
 [124.4149063 ]
 [121.98484498]
 [118.64585824]
 [116.53166254]
 [117.87216278]
 [118.91569064]
 [120.23389295]
 [122.32691684]
 [124.33233041]
 [125.38546222]
 [125.46774894]
 [125.05601835]
 [124.64128453]
 [123.13525199]
 [122.15502394]
 [121.49898142]
 [120.80550919]
 [117.75120764]
 [115.78733017]
 [114.90147309]
 [119.72711382]
 [119.97071367]
 [123.16658394]
 [125.21613092]
 [127.54349345]
 [127.91741901]
 [127.31775753]
 [125.91117913]
 [123.62611232]
 [121.30901795]
 [120.17741385]
 [119.69242248]
 [119.09758879]
 [115.9006831 ]
 [114.41798013]
 [113.64286729]
 [121.09468665]
 [125.14077675]
 [125.65307861]
 [123.51526738]
 [122.73491745]
 [124.56339503]
 [127.12697328]
 [125.58808615]
 [125.15670252]
 [124.67088362]
 [124.17828979]
 [123.75167184]
 [122.82099366]
 [121.78504718]
 [118.75912395]
 [119.18191952]
 [120.43499103]
 [119.33730304]
 [121.45058318]
 [123.47196756]
 [124.32889071]
 [124.46139472]
 [123.72500506]
 [122.65312838]
 [120.81267631]
 [118.93543936]
 [117.769541  ]
 [117.66873411]
 [114.84868348]
 [112.40651005]]