[[125.64693483]
 [125.70866824]
 [124.73181915]
 [123.48399078]
 [123.23210036]
 [123.10928168]
 [123.33331281]
 [121.78749251]
 [120.9201364 ]
 [116.40108558]
 [111.96369638]
 [113.70542591]
 [115.45069183]
 [118.96222699]
 [123.13799981]
 [120.20046061]
 [122.36698353]
 [122.85981103]
 [123.70691296]
 [122.15737621]
 [120.72951062]
 [119.74221474]
 [118.22333762]
 [118.45208653]
 [115.2878311 ]
 [122.73073192]
 [124.29177779]
 [126.6738815 ]
 [129.47931057]
 [132.62917835]
 [130.68672814]
 [121.23785698]
 [122.35035953]
 [121.54875874]
 [120.81830968]
 [119.42320816]
 [122.17383387]
 [121.59090368]
 [120.94105559]
 [119.33315582]
 [122.82438463]
 [124.76072212]
 [125.95958971]
 [127.91853235]
 [129.39479419]
 [129.86795795]
 [130.14536451]
 [132.73225295]
 [132.96834058]
 [132.51376129]
 [129.76252465]
 [128.93001417]
 [125.94928591]
 [123.95151153]
 [120.31728132]
 [125.33159692]
 [127.02158999]
 [128.31243182]
 [129.83949459]
 [130.23021178]
 [130.89097256]
 [132.06413069]
 [131.45776977]
 [131.52517891]
 [130.60984068]
 [127.49953415]
 [124.78363962]
 [123.12050091]
 [122.1296605 ]
 [125.7108496 ]
 [128.2961925 ]
 [129.47605908]
 [129.71803841]
 [130.79627164]
 [132.21708769]
 [132.14239148]
 [132.39767665]
 [131.68532226]
 [129.12123048]
 [126.43832958]
 [124.36440938]
 [122.3806437 ]
 [125.54608384]
 [128.90431794]
 [129.58058096]
 [129.95525629]
 [132.10734541]
 [133.58149697]
 [133.09558166]
 [132.48023244]
 [130.88160425]
 [128.61238996]
 [126.13399317]
 [125.20329834]
 [125.06191816]
 [127.1141642 ]
 [128.23105868]
 [129.23406486]
 [130.50582621]
 [130.39742431]
 [130.71722164]
 [130.44905465]
 [128.64035573]
 [126.74057707]
 [124.31923468]
 [122.43124766]
 [120.47693009]
 [126.020141  ]
 [127.3518942 ]
 [128.04012909]
 [129.18680543]
 [129.89043623]
 [130.09506709]
 [130.118354  ]
 [129.34023699]
 [128.41663391]
 [125.47991145]
 [122.63974839]
 [121.36927005]
 [122.78257326]
 [126.57059237]
 [127.97771134]
 [128.6698312 ]
 [129.36714045]
 [129.88937448]
 [130.51685091]
 [130.50182107]
 [129.11943646]
 [126.6429591 ]
 [123.88556362]
 [122.04339523]
 [120.73867726]
 [123.28626714]
 [126.36001216]
 [128.36276274]
 [128.95969686]
 [128.85173094]
 [130.40228113]
 [131.30548223]
 [130.28922714]
 [127.93506127]
 [125.82586166]
 [123.45488838]
 [121.79555656]
 [131.63088395]
 [132.03377478]
 [134.13520902]
 [135.12463817]
 [133.71922183]
 [132.30063994]
 [129.92409186]
 [127.73901055]
 [128.1916127 ]
 [130.2222614 ]
 [132.63119236]
 [133.74370158]
 [132.84508814]
 [131.57045638]
 [129.17384697]
 [127.83890448]
 [127.1295828 ]
 [128.09247727]
 [130.3665746 ]
 [132.02872461]
 [130.8277681 ]
 [129.29249203]
 [127.95476573]
 [127.12468074]
 [124.15131247]
 [125.47976768]
 [127.21617408]
 [129.59033509]
 [130.61311092]
 [129.2424278 ]
 [128.53465177]
 [126.75337425]
 [126.02650488]
 [133.53021797]
 [134.95792922]
 [135.39825064]
 [132.99305757]
 [133.78196085]
 [135.39818981]
 [131.04084086]
 [132.94831587]
 [133.51703197]
 [133.48016771]
 [132.60799835]
 [128.47047755]
 [125.15979847]
 [123.78372983]
 [121.7096224 ]
 [120.85763305]
 [122.110373  ]
 [124.93919196]
 [128.7737969 ]
 [128.91747795]
 [129.3102617 ]
 [130.43841811]
 [130.03663362]
 [129.59124131]
 [128.50238983]
 [126.49635029]
 [125.02468739]
 [123.41120954]
 [120.94517957]
 [119.05030882]
 [118.15620381]
 [117.39402746]
 [127.37769012]
 [128.09568465]
 [127.79723584]
 [127.39059536]
 [125.87623268]
 [126.43190684]
 [129.49473684]
 [128.71596944]
 [127.38401147]
 [126.76739533]
 [124.7964612 ]
 [123.76872949]
 [124.54328344]
 [121.44191084]
 [117.57940809]
 [116.67672974]
 [128.00030856]
 [129.73174526]
 [131.13419863]
 [127.00262305]
 [128.70887679]
 [129.88221056]
 [129.1028907 ]
 [128.57314878]
 [127.58055877]
 [125.31593053]
 [122.97869086]
 [122.64051296]
 [121.1226405 ]
 [117.08060385]
 [115.41332527]
 [115.31055431]
 [118.93278236]
 [120.29862007]
 [122.03476442]
 [122.39285796]
 [124.95249324]
 [125.50019416]
 [124.94798983]
 [123.88903511]
 [122.6097477 ]
 [120.75178949]
 [119.66920444]
 [118.91879349]
 [117.08435104]
 [114.44574535]
 [112.60638777]
 [113.85662503]
 [121.91248897]
 [122.70215613]
 [124.53326018]
 [124.86992492]
 [128.53941468]
 [129.41201348]
 [127.60907059]
 [124.68462856]
 [120.7540163 ]
 [119.51361455]
 [118.17828394]
 [117.12734362]
 [115.31599261]
 [113.06768116]
 [111.80346208]
 [113.13143861]
 [125.66635444]
 [127.96779702]
 [128.46244208]
 [127.8960368 ]
 [126.94370409]
 [126.99419299]
 [128.27862332]
 [126.13436065]
 [125.17278539]
 [124.55797794]
 [122.510241  ]
 [120.74157539]
 [119.5891028 ]
 [118.51940583]
 [120.69345756]
 [121.82751304]
 [121.52231866]
 [119.24052589]
 [123.1536292 ]
 [127.01577883]
 [128.01385789]
 [128.10219516]
 [124.36586515]
 [120.35443046]
 [116.9465895 ]
 [116.12603961]
 [114.6043165 ]
 [114.53417385]
 [111.88924498]
 [109.40685023]]