[[124.06978651]
 [121.89029887]
 [121.07655847]
 [120.78428667]
 [119.41636747]
 [118.11335581]
 [116.27416212]
 [111.95351212]
 [107.75043673]
 [105.88380467]
 [113.3376866 ]
 [117.03192368]
 [118.6758256 ]
 [122.279822  ]
 [122.20799514]
 [122.61449701]
 [123.97153791]
 [124.92915313]
 [123.88682432]
 [122.63271228]
 [120.18203437]
 [117.81670339]
 [115.70681392]
 [113.87941359]
 [112.02327731]
 [128.89360527]
 [126.18347741]
 [128.2779718 ]
 [129.84175552]
 [133.17601538]
 [131.75233834]
 [125.19642578]
 [122.17508229]
 [122.23569078]
 [126.55035307]
 [126.18154981]
 [124.62258891]
 [121.80584878]
 [116.80158982]
 [112.22631707]
 [125.61447676]
 [126.6555963 ]
 [126.5587022 ]
 [126.09405529]
 [126.06499767]
 [124.83865807]
 [124.20228513]
 [123.43432855]
 [122.29405532]
 [118.60577871]
 [115.48350694]
 [111.30146394]
 [110.06080703]
 [111.42718518]
 [123.51462486]
 [124.15302843]
 [124.6521167 ]
 [123.99690861]
 [122.33721876]
 [121.14883174]
 [120.19964147]
 [118.83673393]
 [114.56869678]
 [111.5978207 ]
 [108.92136005]
 [106.8837607 ]
 [104.46547213]
 [100.76168834]
 [124.7579305 ]
 [127.02175219]
 [125.94967738]
 [123.98945955]
 [122.38755093]
 [122.05869391]
 [119.83724146]
 [116.37798631]
 [113.42590571]
 [110.13656692]
 [107.03751573]
 [ 97.86363401]
 [ 91.87600837]
 [125.61111115]
 [126.10735213]
 [125.29250074]
 [124.15013193]
 [122.05786162]
 [120.33432862]
 [117.96520623]
 [115.18513754]
 [112.52191666]
 [109.75338602]
 [ 98.45241071]
 [ 89.51865518]
 [ 86.24910111]
 [128.22076508]
 [127.9150621 ]
 [126.83299604]
 [126.226901  ]
 [125.14935264]
 [124.29052159]
 [122.12139202]
 [120.9783296 ]
 [118.00858593]
 [114.88124753]
 [110.97087368]
 [110.26793104]
 [125.84183139]
 [126.45048416]
 [125.50148165]
 [124.55625695]
 [122.64876948]
 [121.41567082]
 [119.02259215]
 [117.40777025]
 [113.47973348]
 [110.92865374]
 [108.26738784]
 [106.41952338]
 [106.29880978]
 [126.99955526]
 [127.98909341]
 [125.8279303 ]
 [123.80748131]
 [122.44348735]
 [120.57039954]
 [118.81059944]
 [115.34260707]
 [112.48466924]
 [109.20010316]
 [106.1149894 ]
 [ 99.49078816]
 [ 93.372871  ]
 [126.79515908]
 [126.6627619 ]
 [125.44241802]
 [123.4749203 ]
 [121.23674697]
 [119.20668677]
 [116.98604708]
 [114.17868439]
 [111.50894857]
 [108.8752125 ]
 [ 99.76046668]
 [ 91.12023693]
 [129.98945145]
 [129.56191345]
 [128.33061392]
 [127.17670903]
 [126.3281699 ]
 [125.39795995]
 [124.2624209 ]
 [121.67065985]
 [128.00248677]
 [127.38641025]
 [126.47375567]
 [126.09340354]
 [124.79579649]
 [123.1377485 ]
 [121.73464885]
 [118.86933617]
 [127.45126562]
 [127.2092168 ]
 [127.22396637]
 [127.83508022]
 [125.32180603]
 [123.58286783]
 [122.37689476]
 [120.29316623]
 [126.04851751]
 [126.69448869]
 [126.37684301]
 [127.59579582]
 [126.0252447 ]
 [124.47081273]
 [122.19378392]
 [120.78229029]
 [118.72734045]
 [134.79985558]
 [135.02159455]
 [132.09269651]
 [130.64483146]
 [129.76212116]
 [129.74617483]
 [129.31726027]
 [128.02523913]
 [127.20459564]
 [126.30014913]
 [125.38838848]
 [123.92237032]
 [121.23700861]
 [118.53714726]
 [116.74996373]
 [114.02444071]
 [129.30347058]
 [128.49166865]
 [128.86206489]
 [127.41118683]
 [126.90585065]
 [126.53736061]
 [127.28925744]
 [124.46612479]
 [123.18350972]
 [122.07606489]
 [119.77906292]
 [117.10283708]
 [113.00157324]
 [110.15110616]
 [107.15824941]
 [104.19266857]
 [127.82691061]
 [128.14685837]
 [126.72880971]
 [127.45051546]
 [126.9661221 ]
 [127.17885493]
 [126.75383742]
 [126.32270089]
 [126.62450064]
 [125.55174982]
 [124.77474429]
 [122.82063973]
 [120.00047128]
 [117.02099444]
 [115.74638694]
 [113.41373615]
 [126.97263917]
 [127.55758971]
 [128.66325565]
 [125.25512149]
 [124.38359431]
 [123.07165648]
 [123.58861518]
 [124.77956142]
 [123.37109199]
 [122.19337842]
 [120.00356469]
 [117.02458143]
 [113.08314187]
 [109.8357024 ]
 [107.66015596]
 [105.95992221]
 [119.53300342]
 [121.43390176]
 [123.00980499]
 [124.94420577]
 [124.02548381]
 [123.76643818]
 [124.37988709]
 [122.09293149]
 [121.48124894]
 [120.13688802]
 [117.98346236]
 [115.36879222]
 [110.45582835]
 [107.50288046]
 [104.72425075]
 [102.94870683]
 [116.06765884]
 [117.49637407]
 [119.73729473]
 [121.85077137]
 [123.32088876]
 [123.83883529]
 [122.399574  ]
 [119.720293  ]
 [118.95451352]
 [117.95056893]
 [116.37298999]
 [113.928212  ]
 [109.86525952]
 [106.08000679]
 [102.35754821]
 [100.23123584]
 [121.31654735]
 [122.00425848]
 [122.43576788]
 [124.30127696]
 [124.67252745]
 [125.24982283]
 [124.64573253]
 [124.20156016]
 [125.19607466]
 [125.07777586]
 [124.31209768]
 [122.23384434]
 [119.3116883 ]
 [116.59174324]
 [120.12435006]
 [121.28838617]
 [121.6001312 ]
 [122.97386358]
 [123.86951525]
 [125.82053653]
 [128.01571614]
 [126.51495847]
 [125.67772119]
 [124.79947463]
 [122.673036  ]
 [119.92042016]
 [115.54273566]
 [110.47862318]
 [107.37910936]
 [105.55888274]]