[[ 18.3320827 ]
 [ 21.89502976]
 [ 26.08459378]
 [ 31.29700526]
 [ 38.54906189]
 [ 46.8307704 ]
 [ 57.2138914 ]
 [ 70.7119487 ]
 [ 88.36325439]
 [109.1297556 ]
 [ 17.30061591]
 [ 19.40482042]
 [ 21.71683325]
 [ 24.6593784 ]
 [ 28.26871671]
 [ 32.4946179 ]
 [ 37.69260627]
 [ 45.06501788]
 [ 53.41524843]
 [ 63.83307472]
 [ 77.28455501]
 [ 94.87495231]
 [115.63382324]
 [142.62993784]
 [177.93254923]
 [ 10.15041804]
 [ 11.3722946 ]
 [ 12.87321559]
 [ 14.72952552]
 [ 16.84908107]
 [ 19.61811825]
 [ 23.18595767]
 [ 27.37766009]
 [ 32.61617781]
 [ 39.91373354]
 [ 48.19946267]
 [ 58.54993378]
 [ 72.04799107]
 [ 89.69929677]
 [110.46553877]
 [ 24.74128003]
 [ 28.28581267]
 [ 32.47516942]
 [ 37.68519591]
 [ 44.91182304]
 [ 53.23245142]
 [ 63.57974395]
 [ 77.03122424]
 [ 94.64713558]
 [115.41337758]
 [142.40949217]
 [177.71210356]
 [219.24458755]
 [271.16019254]
 [ 22.16049383]
 [ 25.72403046]
 [ 29.88269973]
 [ 35.04457625]
 [ 42.31980132]
 [ 50.59763534]
 [ 60.94492787]
 [ 74.41984669]
 [ 92.07115238]
 [112.83739438]
 [139.83350897]
 [175.13612036]
 [216.66860435]
 [268.62089202]
 [ 19.58338102]
 [ 23.09586564]
 [ 27.2402734 ]
 [ 32.42520411]
 [ 39.66830889]
 [ 47.94638112]
 [ 58.32950211]
 [ 71.82755941]
 [ 89.47886511]
 [110.2451071 ]
 [137.2412217 ]
 [172.54454136]
 [214.13069048]
 [ 18.26548   ]
 [ 21.78695115]
 [ 25.93414996]
 [ 31.10779623]
 [ 38.35189291]
 [ 46.65838971]
 [ 57.04151071]
 [ 70.539568  ]
 [ 88.1908737 ]
 [108.9571157 ]
 [135.95323029]
 [171.29866942]
 [212.88481854]
 [ 28.28994992]
 [ 32.48021548]
 [ 37.69284041]
 [ 44.91946754]
 [ 53.27039826]
 [ 63.61769079]
 [ 77.06917108]
 [ 94.68020256]
 [115.44644455]
 [142.44255915]
 [177.74517054]
 [219.27765453]
 [ 22.16463001]
 [ 25.72907547]
 [ 29.89034328]
 [ 35.0522198 ]
 [ 42.3577475 ]
 [ 50.63558152]
 [ 60.98287405]
 [ 74.45291283]
 [ 92.10421852]
 [112.87046052]
 [139.86657511]
 [175.1691865 ]
 [216.70167049]
 [ 19.58831307]
 [ 23.10350794]
 [ 27.27313639]
 [ 32.46314943]
 [ 39.7062542 ]
 [ 47.98408822]
 [ 58.36256715]
 [ 71.86062445]
 [ 89.51193015]
 [110.27817214]
 [137.27428674]
 [172.58484563]
 [214.17099475]
 [ 18.27312197]
 [ 21.81874614]
 [ 25.97209505]
 [ 31.14574131]
 [ 38.38884608]
 [ 46.69145446]
 [ 57.07457546]
 [ 70.57263276]
 [ 88.22393845]
 [108.99018045]
 [135.99074667]
 [171.33897341]
 [ 24.70049948]
 [ 28.2941846 ]
 [ 32.4853873 ]
 [ 37.70032324]
 [ 44.93400605]
 [ 53.30849344]
 [ 63.65677045]
 [ 77.10825073]
 [ 19.40922573]
 [ 22.1667177 ]
 [ 25.73424377]
 [ 29.89634336]
 [ 35.07814184]
 [ 42.39641328]
 [ 50.67465896]
 [ 61.02195149]
 [ 14.75412961]
 [ 16.86193503]
 [ 19.58592714]
 [ 23.11135191]
 [ 27.29857954]
 [ 32.50222395]
 [ 39.74532872]
 [ 48.02316274]
 [ 11.69003626]
 [ 13.48573066]
 [ 15.58009282]
 [ 18.27968246]
 [ 21.8425398 ]
 [ 26.0111688 ]
 [ 31.18481507]
 [ 38.42791984]
 [ 46.72549424]
 [ 14.19181797]
 [ 15.71951363]
 [ 17.47939209]
 [ 19.56965094]
 [ 21.85545411]
 [ 24.68577664]
 [ 28.29153504]
 [ 32.48868064]
 [ 37.69872383]
 [ 44.95579173]
 [ 53.32387251]
 [ 63.68202383]
 [ 77.13350412]
 [ 94.73623789]
 [115.50247989]
 [142.49859448]
 [ 10.26040826]
 [ 11.45034933]
 [ 12.90701291]
 [ 14.75073823]
 [ 16.8640091 ]
 [ 19.58393778]
 [ 23.12303717]
 [ 27.31395276]
 [ 32.52578671]
 [ 39.7705718 ]
 [ 48.04840582]
 [ 58.41858286]
 [ 71.91664015]
 [ 89.56794585]
 [110.33418784]
 [137.33030244]
 [ 14.17443321]
 [ 15.68318777]
 [ 17.43118117]
 [ 19.52235841]
 [ 21.8165316 ]
 [ 24.67398667]
 [ 28.28606881]
 [ 32.49327707]
 [ 37.69600595]
 [ 44.98933265]
 [ 53.3475644 ]
 [ 63.72091837]
 [ 77.17239866]
 [ 94.77004978]
 [115.53629178]
 [142.53240637]
 [ 12.32058723]
 [ 13.64110014]
 [ 15.23944258]
 [ 17.18146755]
 [ 19.40177692]
 [ 22.1578351 ]
 [ 25.74088629]
 [ 29.891983  ]
 [ 35.13344607]
 [ 42.43547097]
 [ 50.73878353]
 [ 61.08607606]
 [ 74.54272754]
 [ 92.19403323]
 [112.96027523]
 [139.95638982]
 [ 10.22517721]
 [ 11.407881  ]
 [ 12.89638657]
 [ 14.7451882 ]
 [ 16.86039782]
 [ 19.5794604 ]
 [ 23.14583079]
 [ 27.3376198 ]
 [ 32.54945375]
 [ 39.80942258]
 [ 48.0872566 ]
 [ 58.45233911]
 [ 71.9503964 ]
 [ 89.6017021 ]
 [110.36794409]
 [137.36405869]
 [  9.09671858]
 [ 10.2595247 ]
 [ 11.68107944]
 [ 13.47941411]
 [ 15.57568451]
 [ 18.31556078]
 [ 21.87845231]
 [ 26.05104265]
 [ 31.24890089]
 [ 38.49200566]
 [ 46.78121521]
 [ 57.16433621]
 [ 70.66239351]
 [ 88.3136992 ]
 [109.0799412 ]
 [136.10026866]
 [ 14.1593563 ]
 [ 15.64786489]
 [ 17.38402457]
 [ 19.47999265]
 [ 21.77854699]
 [ 24.67044137]
 [ 28.28098295]
 [ 32.49656833]
 [ 37.69357952]
 [ 45.02199697]
 [ 53.37062459]
 [ 63.75878363]
 [ 77.21026392]
 [ 94.80301303]
 [ 10.18854723]
 [ 11.37765973]
 [ 12.88775686]
 [ 14.74006683]
 [ 16.85601641]
 [ 19.58129869]
 [ 23.16414731]
 [ 27.35584973]
 [ 32.57250341]
 [ 39.8472693 ]
 [ 48.12510332]
 [ 58.48527877]
 [ 71.98333607]
 [ 89.63464176]
 [110.40088376]
 [137.39699835]]