[[ 19.08533533]
 [ 22.63866838]
 [ 26.891208  ]
 [ 32.24625032]
 [ 39.7601957 ]
 [ 48.34756185]
 [ 59.08203878]
 [ 73.06287669]
 [ 91.34551087]
 [112.85449227]
 [ 17.593255  ]
 [ 20.14937483]
 [ 22.98668352]
 [ 25.82899503]
 [ 29.26103545]
 [ 33.40930764]
 [ 38.63733239]
 [ 45.95061054]
 [ 54.40493283]
 [ 65.06541401]
 [ 79.01988399]
 [ 97.26803705]
 [118.75973769]
 [146.7214135 ]
 [183.28668187]
 [ 10.91450624]
 [ 12.38875718]
 [ 14.10970619]
 [ 15.90177267]
 [ 17.91295665]
 [ 20.58956861]
 [ 24.11540949]
 [ 28.29725624]
 [ 33.61290156]
 [ 41.11253475]
 [ 49.69990089]
 [ 60.43410858]
 [ 74.38918879]
 [ 92.67182297]
 [114.18080437]
 [ 24.66176359]
 [ 28.19035926]
 [ 32.40349366]
 [ 37.67724468]
 [ 45.05413501]
 [ 53.56700701]
 [ 64.2100503 ]
 [ 78.11173065]
 [ 96.39436484]
 [117.90334623]
 [145.86502205]
 [182.43029042]
 [225.44825321]
 [279.2207067 ]
 [ 22.10996426]
 [ 25.69253432]
 [ 29.91086699]
 [ 35.1814516 ]
 [ 42.62489133]
 [ 51.14514112]
 [ 61.84864982]
 [ 75.82948772]
 [ 94.11212191]
 [115.6211033 ]
 [143.58277912]
 [180.14804749]
 [223.16601028]
 [276.93846377]
 [ 19.59851223]
 [ 23.17545484]
 [ 27.42729463]
 [ 32.73823376]
 [ 40.20030275]
 [ 48.79747154]
 [ 59.55196224]
 [ 73.53280014]
 [ 91.81543433]
 [113.32441572]
 [141.28609154]
 [177.85135991]
 [220.8693227 ]
 [ 18.34608575]
 [ 21.9575566 ]
 [ 26.20577921]
 [ 31.53298294]
 [ 39.05275756]
 [ 47.65635011]
 [ 58.41084081]
 [ 72.39167872]
 [ 90.6743129 ]
 [112.1832943 ]
 [140.14497011]
 [176.71023848]
 [219.72820127]
 [ 28.34228666]
 [ 32.54363877]
 [ 37.81960028]
 [ 45.18633057]
 [ 53.68699467]
 [ 64.33534172]
 [ 78.23985202]
 [ 96.52168984]
 [118.03067124]
 [145.99234705]
 [182.55761542]
 [225.57557821]
 [ 22.26224192]
 [ 25.8326783 ]
 [ 30.05322144]
 [ 35.3136465 ]
 [ 42.74765501]
 [ 51.27043234]
 [ 61.97703608]
 [ 75.95681256]
 [ 94.23944675]
 [115.74842814]
 [143.71010396]
 [180.27537233]
 [223.29333512]
 [ 19.73945317]
 [ 23.31544183]
 [ 27.5449522 ]
 [ 32.86352471]
 [ 40.33268304]
 [ 48.92479616]
 [ 59.67928685]
 [ 73.66012476]
 [ 91.94275895]
 [113.45174034]
 [141.41341615]
 [177.97868453]
 [220.99664732]
 [ 18.48607232]
 [ 22.07668824]
 [ 26.3310701 ]
 [ 31.66536317]
 [ 39.18008212]
 [ 47.78367467]
 [ 58.53816537]
 [ 72.51900328]
 [ 90.80163746]
 [112.31061886]
 [140.27229467]
 [176.83756304]
 [ 25.00456547]
 [ 28.50143992]
 [ 32.68800142]
 [ 37.96623993]
 [ 45.32251497]
 [ 53.81095299]
 [ 64.46442465]
 [ 78.38022307]
 [ 19.7544905 ]
 [ 22.42173229]
 [ 25.97703715]
 [ 30.19825862]
 [ 35.44982868]
 [ 42.87673727]
 [ 51.39951459]
 [ 62.1174063 ]
 [ 15.09572406]
 [ 17.1632297 ]
 [ 19.88380702]
 [ 23.4596327 ]
 [ 27.67378799]
 [ 32.99260608]
 [ 40.47287545]
 [ 49.06024159]
 [ 12.05866819]
 [ 13.81029231]
 [ 15.90168739]
 [ 18.63026178]
 [ 22.20552341]
 [ 26.46015123]
 [ 31.8047569 ]
 [ 39.31870228]
 [ 47.91485214]
 [ 13.22494477]
 [ 14.94076073]
 [ 17.12170047]
 [ 19.63288762]
 [ 22.38816469]
 [ 25.12531931]
 [ 28.60435391]
 [ 32.78457575]
 [ 38.06036738]
 [ 45.4107554 ]
 [ 53.89446706]
 [ 64.54793871]
 [ 78.47103889]
 [ 96.73774078]
 [118.24672217]
 [146.20839799]
 [ 10.43787651]
 [ 11.87923873]
 [ 13.47802347]
 [ 15.20547486]
 [ 17.26668944]
 [ 19.98597899]
 [ 23.552858  ]
 [ 27.75711919]
 [ 33.07611701]
 [ 40.56368742]
 [ 49.15105356]
 [ 59.89533384]
 [ 73.87617175]
 [ 92.15880594]
 [113.66778733]
 [141.62946315]
 [ 13.34413087]
 [ 15.05592687]
 [ 17.24675636]
 [ 19.76795818]
 [ 22.54703254]
 [ 25.30816939]
 [ 28.7674343 ]
 [ 32.94375257]
 [ 38.20362828]
 [ 45.5526039 ]
 [ 54.02207679]
 [ 64.6769653 ]
 [ 78.61134074]
 [ 96.86887245]
 [118.37785384]
 [146.33952966]
 [ 12.00273991]
 [ 13.68314559]
 [ 15.6084619 ]
 [ 17.94311829]
 [ 20.05479784]
 [ 22.69450133]
 [ 26.23819103]
 [ 30.43196435]
 [ 35.67736265]
 [ 43.08907249]
 [ 51.61693013]
 [ 62.34851524]
 [ 76.30398863]
 [ 94.58662282]
 [116.09560421]
 [144.05728003]
 [ 10.56572314]
 [ 12.00939306]
 [ 13.65292234]
 [ 15.38407549]
 [ 17.42761513]
 [ 20.14506144]
 [ 23.68990657]
 [ 27.88763824]
 [ 33.20513028]
 [ 40.70397291]
 [ 49.29133906]
 [ 60.02645433]
 [ 74.00729224]
 [ 92.28992642]
 [113.79890782]
 [141.76058363]
 [  9.71480525]
 [ 11.00944455]
 [ 12.35207883]
 [ 14.08060285]
 [ 16.16218269]
 [ 18.86467926]
 [ 22.4261899 ]
 [ 26.67438273]
 [ 32.03585136]
 [ 39.54979674]
 [ 48.13716288]
 [ 58.8853306 ]
 [ 72.8661685 ]
 [ 91.14880269]
 [112.65778408]
 [140.6194599 ]
 [ 13.4559061 ]
 [ 15.16782773]
 [ 17.36459984]
 [ 19.89560439]
 [ 22.70093208]
 [ 25.48331077]
 [ 28.9327382 ]
 [ 33.09880083]
 [ 38.34125921]
 [ 45.68538783]
 [ 54.14442878]
 [ 64.8022319 ]
 [ 78.74755893]
 [ 96.99617661]
 [ 10.6857027 ]
 [ 12.13690489]
 [ 13.81151734]
 [ 15.5570561 ]
 [ 17.59017271]
 [ 20.29744606]
 [ 23.8297922 ]
 [ 28.02194081]
 [ 33.33279122]
 [ 40.84018417]
 [ 49.42755032]
 [ 60.161758  ]
 [ 74.13459166]
 [ 92.41722584]
 [113.92620724]
 [141.88788305]]