[[116.96698502]
 [117.98367266]
 [115.90439214]
 [115.51874064]
 [114.89162272]
 [115.11777238]
 [113.01334881]
 [111.8273746 ]
 [110.20884935]
 [107.79902814]
 [112.4452113 ]
 [114.6362751 ]
 [118.13152271]
 [120.95290121]
 [121.53028313]
 [119.67265677]
 [119.74300773]
 [119.9390473 ]
 [119.12343125]
 [117.03767695]
 [115.57280265]
 [116.47278703]
 [117.03139235]
 [113.99014636]
 [112.54067747]
 [123.18001296]
 [123.81537634]
 [126.06019049]
 [128.49711285]
 [132.6879022 ]
 [122.84877297]
 [111.048717  ]
 [113.7271093 ]
 [111.77953849]
 [109.02413194]
 [109.27266981]
 [110.56178721]
 [108.6920161 ]
 [107.83379652]
 [106.67504111]
 [122.73297204]
 [123.21352988]
 [125.57083575]
 [126.70060508]
 [127.49869804]
 [129.09158949]
 [128.54302082]
 [127.11181411]
 [124.81299108]
 [122.41865044]
 [120.58475843]
 [118.39043567]
 [115.9723137 ]
 [114.21294157]
 [122.65823104]
 [125.37951218]
 [126.89921334]
 [127.59496556]
 [128.44059507]
 [128.22613804]
 [127.10823174]
 [125.42606591]
 [122.94397011]
 [120.37697415]
 [118.75884617]
 [116.38290871]
 [114.97933787]
 [113.86105618]
 [123.55884699]
 [126.13281673]
 [129.01438965]
 [129.36331499]
 [128.2936375 ]
 [127.37595852]
 [125.87687127]
 [123.58302512]
 [121.48487054]
 [118.94537597]
 [116.91074288]
 [115.76975456]
 [114.61761709]
 [123.44058823]
 [125.6074819 ]
 [127.90765443]
 [130.09656826]
 [127.92711575]
 [127.22200547]
 [125.96343494]
 [123.5922855 ]
 [120.80543642]
 [118.23910998]
 [116.67590297]
 [115.49809939]
 [114.7910808 ]
 [128.01422509]
 [129.25820946]
 [130.55111233]
 [129.1476183 ]
 [127.55084125]
 [126.14649464]
 [124.25356082]
 [122.10384891]
 [120.52086584]
 [119.19391249]
 [115.76731648]
 [113.97455719]
 [124.17736855]
 [128.6135824 ]
 [129.34629397]
 [129.85662884]
 [128.47291445]
 [126.28779178]
 [124.94623331]
 [122.36214192]
 [119.61490088]
 [118.2859523 ]
 [116.36540084]
 [114.41029263]
 [113.34504963]
 [125.69760024]
 [127.68546423]
 [129.31050827]
 [129.36288188]
 [126.936414  ]
 [124.82503206]
 [122.64749763]
 [120.2837294 ]
 [118.09755728]
 [116.2432128 ]
 [114.76373588]
 [113.84387643]
 [112.79393068]
 [124.38472267]
 [126.15034785]
 [128.63269139]
 [128.7915327 ]
 [126.24978736]
 [124.63858521]
 [121.80384388]
 [119.61775683]
 [117.09792472]
 [115.21720767]
 [114.49025881]
 [113.58930274]
 [131.78903798]
 [131.0237543 ]
 [130.77222898]
 [131.59287791]
 [130.24896173]
 [128.5180497 ]
 [124.1725202 ]
 [121.18279733]
 [127.82353619]
 [129.31807794]
 [129.89438431]
 [131.18484842]
 [130.75630145]
 [128.22019439]
 [125.91717659]
 [122.4831756 ]
 [125.35023602]
 [125.84566405]
 [127.65371456]
 [129.44963318]
 [128.64515956]
 [127.687121  ]
 [126.02643058]
 [123.34016596]
 [123.50649567]
 [122.75181291]
 [124.95810359]
 [126.67984583]
 [128.89464472]
 [127.75086541]
 [125.97484442]
 [124.17617836]
 [121.38437608]
 [134.20615242]
 [136.34857375]
 [137.21252668]
 [132.98909737]
 [132.5423403 ]
 [129.04180467]
 [127.15242032]
 [127.97549027]
 [128.94081143]
 [128.52384174]
 [128.00804002]
 [123.65342515]
 [120.47699219]
 [118.69880563]
 [116.26956351]
 [114.04497531]
 [125.52262271]
 [128.27606332]
 [129.69087043]
 [124.11947487]
 [126.54849288]
 [127.25927388]
 [127.64628391]
 [126.89136442]
 [125.67174852]
 [123.9107598 ]
 [121.90420942]
 [119.56384207]
 [116.6695667 ]
 [114.06498708]
 [111.46599936]
 [110.86814047]
 [123.60532793]
 [124.13875457]
 [124.60163429]
 [125.49214107]
 [122.97502328]
 [125.64083676]
 [126.19286999]
 [126.53708733]
 [126.14295614]
 [125.39654185]
 [123.89214412]
 [120.8438058 ]
 [119.30531261]
 [118.17680415]
 [115.58354991]
 [112.13585609]
 [129.64705051]
 [130.97404061]
 [133.00097133]
 [126.00110869]
 [127.06014255]
 [126.52871084]
 [125.58736405]
 [125.78403014]
 [124.46158414]
 [122.42580729]
 [119.83787198]
 [117.82408098]
 [117.60664674]
 [115.58869927]
 [112.73797986]
 [110.34268862]
 [117.13401072]
 [118.0607311 ]
 [119.02659166]
 [118.70658891]
 [122.70456606]
 [123.73841174]
 [123.93816182]
 [122.66909088]
 [121.13452477]
 [118.41630315]
 [115.99938286]
 [114.57096495]
 [113.46903977]
 [110.62145593]
 [108.77244325]
 [107.75220138]
 [116.04484037]
 [117.52402319]
 [120.18089638]
 [123.12320177]
 [126.6909104 ]
 [126.37302688]
 [125.26554472]
 [122.65511273]
 [120.16997118]
 [117.06220983]
 [114.54632423]
 [112.67649424]
 [111.21767185]
 [108.67666679]
 [107.4230129 ]
 [106.88677761]
 [120.53004765]
 [123.70884243]
 [125.12003036]
 [121.92487126]
 [120.94173534]
 [121.82213055]
 [125.67509969]
 [122.98865988]
 [122.71603873]
 [122.2052507 ]
 [120.84807417]
 [118.37089928]
 [116.9955271 ]
 [117.78791088]
 [114.98690879]
 [115.33126923]
 [118.55375366]
 [118.48499047]
 [119.22416049]
 [121.5090368 ]
 [122.70594408]
 [122.88738087]
 [120.80703261]
 [118.16512659]
 [114.99302214]
 [111.06591498]
 [110.68622961]
 [109.06353711]
 [106.85935366]
 [107.70175589]]