[[124]
 [122]
 [122]
 [122]
 [121]
 [120]
 [120]
 [119]
 [117]
 [116]
 [116]
 [118]
 [120]
 [124]
 [128]
 [124]
 [125]
 [126]
 [125]
 [126]
 [126]
 [124]
 [121]
 [118]
 [116]
 [123]
 [124]
 [125]
 [128]
 [130]
 [127]
 [123]
 [121]
 [118]
 [118]
 [120]
 [120]
 [120]
 [118]
 [117]
 [125]
 [125]
 [127]
 [129]
 [130]
 [131]
 [132]
 [132]
 [130]
 [126]
 [123]
 [121]
 [121]
 [122]
 [124]
 [126]
 [128]
 [129]
 [129]
 [130]
 [130]
 [128]
 [126]
 [123]
 [121]
 [120]
 [121]
 [122]
 [127]
 [128]
 [128]
 [128]
 [129]
 [128]
 [127]
 [125]
 [123]
 [121]
 [120]
 [120]
 [121]
 [128]
 [129]
 [128]
 [128]
 [127]
 [127]
 [125]
 [124]
 [121]
 [120]
 [120]
 [120]
 [121]
 [129]
 [131]
 [131]
 [130]
 [130]
 [130]
 [129]
 [126]
 [124]
 [121]
 [120]
 [120]
 [128]
 [131]
 [130]
 [130]
 [129]
 [128]
 [127]
 [125]
 [123]
 [120]
 [120]
 [120]
 [120]
 [129]
 [130]
 [130]
 [128]
 [127]
 [125]
 [123]
 [122]
 [120]
 [119]
 [118]
 [119]
 [120]
 [129]
 [130]
 [129]
 [128]
 [125]
 [124]
 [123]
 [121]
 [119]
 [118]
 [118]
 [119]
 [133]
 [133]
 [132]
 [132]
 [131]
 [129]
 [128]
 [126]
 [129]
 [131]
 [132]
 [131]
 [130]
 [128]
 [127]
 [125]
 [129]
 [129]
 [130]
 [131]
 [130]
 [128]
 [126]
 [124]
 [127]
 [127]
 [127]
 [128]
 [128]
 [128]
 [127]
 [125]
 [123]
 [137]
 [138]
 [138]
 [134]
 [133]
 [133]
 [132]
 [132]
 [131]
 [131]
 [130]
 [128]
 [125]
 [123]
 [121]
 [119]
 [129]
 [130]
 [131]
 [128]
 [128]
 [128]
 [129]
 [129]
 [129]
 [126]
 [124]
 [122]
 [120]
 [118]
 [116]
 [116]
 [129]
 [129]
 [128]
 [127]
 [126]
 [128]
 [129]
 [130]
 [131]
 [131]
 [130]
 [127]
 [125]
 [123]
 [120]
 [118]
 [130]
 [131]
 [130]
 [124]
 [124]
 [126]
 [127]
 [128]
 [129]
 [127]
 [126]
 [125]
 [123]
 [120]
 [117]
 [117]
 [120]
 [121]
 [124]
 [125]
 [126]
 [126]
 [127]
 [126]
 [126]
 [125]
 [123]
 [122]
 [119]
 [116]
 [115]
 [116]
 [119]
 [120]
 [121]
 [123]
 [124]
 [124]
 [124]
 [124]
 [124]
 [123]
 [121]
 [120]
 [117]
 [115]
 [115]
 [115]
 [123]
 [123]
 [123]
 [122]
 [124]
 [124]
 [126]
 [128]
 [129]
 [129]
 [127]
 [126]
 [126]
 [123]
 [119]
 [120]
 [122]
 [122]
 [122]
 [126]
 [126]
 [126]
 [125]
 [124]
 [123]
 [121]
 [120]
 [117]
 [115]
 [115]]