[[120]
 [123]
 [123]
 [124]
 [121]
 [123]
 [125]
 [125]
 [120]
 [108]
 [109]
 [117]
 [119]
 [122]
 [125]
 [127]
 [133]
 [141]
 [140]
 [140]
 [140]
 [139]
 [137]
 [143]
 [152]
 [126]
 [131]
 [131]
 [130]
 [129]
 [127]
 [127]
 [131]
 [130]
 [131]
 [132]
 [136]
 [136]
 [138]
 [133]
 [120]
 [122]
 [124]
 [127]
 [132]
 [134]
 [136]
 [134]
 [132]
 [131]
 [135]
 [137]
 [135]
 [134]
 [120]
 [120]
 [123]
 [126]
 [127]
 [126]
 [124]
 [122]
 [120]
 [120]
 [118]
 [116]
 [115]
 [114]
 [121]
 [125]
 [122]
 [120]
 [116]
 [115]
 [112]
 [110]
 [106]
 [ 98]
 [ 97]
 [ 95]
 [ 90]
 [121]
 [120]
 [119]
 [115]
 [111]
 [109]
 [107]
 [102]
 [ 90]
 [ 87]
 [ 86]
 [ 79]
 [ 80]
 [124]
 [127]
 [128]
 [133]
 [134]
 [136]
 [136]
 [134]
 [132]
 [137]
 [140]
 [137]
 [122]
 [123]
 [125]
 [128]
 [127]
 [127]
 [125]
 [123]
 [122]
 [121]
 [121]
 [118]
 [117]
 [124]
 [127]
 [123]
 [120]
 [117]
 [116]
 [114]
 [111]
 [109]
 [101]
 [ 99]
 [ 96]
 [ 91]
 [123]
 [122]
 [119]
 [116]
 [112]
 [110]
 [108]
 [106]
 [ 93]
 [ 89]
 [ 87]
 [ 80]
 [125]
 [127]
 [129]
 [131]
 [136]
 [134]
 [137]
 [137]
 [124]
 [125]
 [126]
 [128]
 [130]
 [126]
 [128]
 [126]
 [124]
 [126]
 [127]
 [129]
 [126]
 [121]
 [118]
 [117]
 [122]
 [123]
 [124]
 [126]
 [124]
 [121]
 [116]
 [113]
 [111]
 [127]
 [128]
 [126]
 [125]
 [126]
 [127]
 [128]
 [130]
 [133]
 [137]
 [135]
 [138]
 [137]
 [136]
 [135]
 [139]
 [123]
 [125]
 [126]
 [126]
 [127]
 [129]
 [131]
 [127]
 [122]
 [119]
 [117]
 [115]
 [114]
 [113]
 [105]
 [102]
 [126]
 [127]
 [128]
 [128]
 [128]
 [128]
 [130]
 [132]
 [136]
 [139]
 [136]
 [138]
 [138]
 [137]
 [136]
 [140]
 [121]
 [124]
 [128]
 [129]
 [128]
 [128]
 [129]
 [132]
 [133]
 [130]
 [129]
 [127]
 [127]
 [125]
 [125]
 [127]
 [119]
 [121]
 [123]
 [124]
 [125]
 [127]
 [130]
 [128]
 [124]
 [119]
 [118]
 [116]
 [115]
 [114]
 [108]
 [104]
 [110]
 [113]
 [115]
 [116]
 [118]
 [121]
 [124]
 [123]
 [120]
 [115]
 [114]
 [111]
 [110]
 [101]
 [ 96]
 [ 91]
 [121]
 [123]
 [125]
 [129]
 [130]
 [131]
 [132]
 [134]
 [138]
 [141]
 [139]
 [138]
 [140]
 [138]
 [110]
 [116]
 [120]
 [122]
 [123]
 [124]
 [129]
 [131]
 [128]
 [125]
 [122]
 [121]
 [120]
 [119]
 [112]
 [108]]