[[124]
 [122]
 [121]
 [121]
 [119]
 [118]
 [116]
 [112]
 [108]
 [106]
 [113]
 [117]
 [119]
 [122]
 [122]
 [123]
 [124]
 [125]
 [124]
 [123]
 [120]
 [118]
 [116]
 [114]
 [112]
 [129]
 [126]
 [128]
 [130]
 [133]
 [132]
 [125]
 [122]
 [122]
 [127]
 [126]
 [125]
 [122]
 [117]
 [112]
 [126]
 [127]
 [127]
 [126]
 [126]
 [125]
 [124]
 [123]
 [122]
 [119]
 [115]
 [111]
 [110]
 [111]
 [124]
 [124]
 [125]
 [124]
 [122]
 [121]
 [120]
 [119]
 [115]
 [112]
 [109]
 [107]
 [104]
 [101]
 [125]
 [127]
 [126]
 [124]
 [122]
 [122]
 [120]
 [116]
 [113]
 [110]
 [107]
 [ 98]
 [ 92]
 [126]
 [126]
 [125]
 [124]
 [122]
 [120]
 [118]
 [115]
 [113]
 [110]
 [ 98]
 [ 90]
 [ 86]
 [128]
 [128]
 [127]
 [126]
 [125]
 [124]
 [122]
 [121]
 [118]
 [115]
 [111]
 [110]
 [126]
 [126]
 [126]
 [125]
 [123]
 [121]
 [119]
 [117]
 [113]
 [111]
 [108]
 [106]
 [106]
 [127]
 [128]
 [126]
 [124]
 [122]
 [121]
 [119]
 [115]
 [112]
 [109]
 [106]
 [ 99]
 [ 93]
 [127]
 [127]
 [125]
 [123]
 [121]
 [119]
 [117]
 [114]
 [112]
 [109]
 [100]
 [ 91]
 [130]
 [130]
 [128]
 [127]
 [126]
 [125]
 [124]
 [122]
 [128]
 [127]
 [126]
 [126]
 [125]
 [123]
 [122]
 [119]
 [127]
 [127]
 [127]
 [128]
 [125]
 [124]
 [122]
 [120]
 [126]
 [127]
 [126]
 [128]
 [126]
 [124]
 [122]
 [121]
 [119]
 [135]
 [135]
 [132]
 [131]
 [130]
 [130]
 [129]
 [128]
 [127]
 [126]
 [125]
 [124]
 [121]
 [119]
 [117]
 [114]
 [129]
 [128]
 [129]
 [127]
 [127]
 [127]
 [127]
 [124]
 [123]
 [122]
 [120]
 [117]
 [113]
 [110]
 [107]
 [104]
 [128]
 [128]
 [127]
 [127]
 [127]
 [127]
 [127]
 [126]
 [127]
 [126]
 [125]
 [123]
 [120]
 [117]
 [116]
 [113]
 [127]
 [128]
 [129]
 [125]
 [124]
 [123]
 [124]
 [125]
 [123]
 [122]
 [120]
 [117]
 [113]
 [110]
 [108]
 [106]
 [120]
 [121]
 [123]
 [125]
 [124]
 [124]
 [124]
 [122]
 [121]
 [120]
 [118]
 [115]
 [110]
 [108]
 [105]
 [103]
 [116]
 [117]
 [120]
 [122]
 [123]
 [124]
 [122]
 [120]
 [119]
 [118]
 [116]
 [114]
 [110]
 [106]
 [102]
 [100]
 [121]
 [122]
 [122]
 [124]
 [125]
 [125]
 [125]
 [124]
 [125]
 [125]
 [124]
 [122]
 [119]
 [117]
 [120]
 [121]
 [122]
 [123]
 [124]
 [126]
 [128]
 [127]
 [126]
 [125]
 [123]
 [120]
 [116]
 [110]
 [107]
 [106]]