[[121]
 [123]
 [123]
 [122]
 [117]
 [113]
 [110]
 [109]
 [110]
 [112]
 [108]
 [114]
 [115]
 [118]
 [121]
 [123]
 [125]
 [128]
 [124]
 [121]
 [117]
 [112]
 [106]
 [102]
 [110]
 [126]
 [125]
 [129]
 [129]
 [128]
 [129]
 [128]
 [128]
 [129]
 [128]
 [124]
 [120]
 [116]
 [116]
 [120]
 [122]
 [123]
 [123]
 [123]
 [123]
 [122]
 [120]
 [117]
 [112]
 [106]
 [103]
 [108]
 [113]
 [111]
 [120]
 [121]
 [121]
 [121]
 [119]
 [117]
 [113]
 [109]
 [105]
 [102]
 [103]
 [103]
 [ 98]
 [ 99]
 [120]
 [123]
 [122]
 [122]
 [118]
 [114]
 [110]
 [105]
 [101]
 [101]
 [ 93]
 [ 87]
 [ 84]
 [122]
 [121]
 [121]
 [119]
 [116]
 [112]
 [109]
 [105]
 [101]
 [ 91]
 [ 84]
 [ 78]
 [ 76]
 [125]
 [125]
 [123]
 [123]
 [121]
 [121]
 [117]
 [112]
 [107]
 [103]
 [109]
 [114]
 [122]
 [123]
 [122]
 [122]
 [118]
 [117]
 [113]
 [110]
 [105]
 [102]
 [103]
 [105]
 [ 99]
 [123]
 [125]
 [123]
 [121]
 [118]
 [114]
 [110]
 [105]
 [101]
 [102]
 [ 95]
 [ 88]
 [ 85]
 [123]
 [123]
 [121]
 [119]
 [116]
 [113]
 [109]
 [104]
 [101]
 [ 93]
 [ 86]
 [ 79]
 [127]
 [126]
 [126]
 [125]
 [124]
 [121]
 [121]
 [117]
 [124]
 [124]
 [124]
 [125]
 [124]
 [118]
 [117]
 [114]
 [124]
 [124]
 [125]
 [126]
 [125]
 [122]
 [118]
 [114]
 [123]
 [124]
 [124]
 [126]
 [124]
 [122]
 [119]
 [116]
 [112]
 [130]
 [129]
 [127]
 [126]
 [126]
 [127]
 [126]
 [126]
 [126]
 [125]
 [121]
 [120]
 [117]
 [112]
 [107]
 [103]
 [126]
 [127]
 [126]
 [126]
 [125]
 [126]
 [127]
 [125]
 [122]
 [117]
 [114]
 [110]
 [105]
 [101]
 [102]
 [ 97]
 [125]
 [126]
 [125]
 [125]
 [126]
 [126]
 [126]
 [126]
 [126]
 [125]
 [122]
 [119]
 [117]
 [112]
 [106]
 [102]
 [125]
 [125]
 [128]
 [125]
 [124]
 [123]
 [124]
 [124]
 [123]
 [119]
 [115]
 [113]
 [109]
 [105]
 [101]
 [102]
 [119]
 [121]
 [122]
 [124]
 [125]
 [125]
 [127]
 [125]
 [122]
 [117]
 [113]
 [109]
 [104]
 [100]
 [101]
 [ 98]
 [115]
 [116]
 [118]
 [119]
 [120]
 [123]
 [122]
 [121]
 [118]
 [114]
 [111]
 [108]
 [103]
 [ 99]
 [ 97]
 [ 90]
 [121]
 [123]
 [122]
 [125]
 [124]
 [125]
 [125]
 [125]
 [126]
 [126]
 [122]
 [119]
 [117]
 [112]
 [120]
 [120]
 [122]
 [123]
 [124]
 [126]
 [129]
 [130]
 [127]
 [123]
 [118]
 [113]
 [108]
 [103]
 [103]
 [101]]