[[ 22]
 [ 25]
 [ 29]
 [ 34]
 [ 41]
 [ 48]
 [ 58]
 [ 70]
 [ 86]
 [105]
 [ 23]
 [ 26]
 [ 30]
 [ 33]
 [ 37]
 [ 41]
 [ 46]
 [ 52]
 [ 60]
 [ 69]
 [ 82]
 [ 98]
 [117]
 [142]
 [174]
 [ 14]
 [ 16]
 [ 18]
 [ 20]
 [ 22]
 [ 25]
 [ 28]
 [ 32]
 [ 37]
 [ 43]
 [ 51]
 [ 60]
 [ 73]
 [ 89]
 [108]
 [ 32]
 [ 35]
 [ 39]
 [ 44]
 [ 51]
 [ 58]
 [ 68]
 [ 80]
 [ 96]
 [115]
 [140]
 [173]
 [211]
 [258]
 [ 28]
 [ 31]
 [ 35]
 [ 40]
 [ 46]
 [ 54]
 [ 63]
 [ 76]
 [ 92]
 [111]
 [136]
 [168]
 [206]
 [254]
 [ 23]
 [ 26]
 [ 30]
 [ 35]
 [ 42]
 [ 49]
 [ 59]
 [ 71]
 [ 87]
 [106]
 [131]
 [164]
 [202]
 [ 21]
 [ 24]
 [ 28]
 [ 33]
 [ 39]
 [ 47]
 [ 57]
 [ 69]
 [ 85]
 [104]
 [129]
 [161]
 [199]
 [ 36]
 [ 40]
 [ 44]
 [ 51]
 [ 59]
 [ 68]
 [ 80]
 [ 97]
 [116]
 [140]
 [173]
 [211]
 [ 28]
 [ 31]
 [ 35]
 [ 40]
 [ 46]
 [ 54]
 [ 64]
 [ 76]
 [ 92]
 [111]
 [136]
 [168]
 [206]
 [ 23]
 [ 27]
 [ 31]
 [ 35]
 [ 42]
 [ 50]
 [ 59]
 [ 71]
 [ 88]
 [107]
 [131]
 [164]
 [202]
 [ 21]
 [ 24]
 [ 28]
 [ 33]
 [ 40]
 [ 47]
 [ 57]
 [ 69]
 [ 85]
 [104]
 [129]
 [162]
 [ 33]
 [ 36]
 [ 40]
 [ 45]
 [ 51]
 [ 59]
 [ 68]
 [ 81]
 [ 26]
 [ 28]
 [ 31]
 [ 35]
 [ 40]
 [ 47]
 [ 54]
 [ 64]
 [ 19]
 [ 21]
 [ 24]
 [ 27]
 [ 31]
 [ 35]
 [ 42]
 [ 50]
 [ 15]
 [ 17]
 [ 19]
 [ 21]
 [ 25]
 [ 28]
 [ 33]
 [ 40]
 [ 48]
 [ 18]
 [ 20]
 [ 23]
 [ 26]
 [ 29]
 [ 33]
 [ 36]
 [ 40]
 [ 45]
 [ 51]
 [ 59]
 [ 68]
 [ 81]
 [ 97]
 [116]
 [141]
 [ 14]
 [ 16]
 [ 18]
 [ 19]
 [ 21]
 [ 24]
 [ 27]
 [ 31]
 [ 36]
 [ 42]
 [ 50]
 [ 59]
 [ 72]
 [ 88]
 [107]
 [132]
 [ 18]
 [ 20]
 [ 23]
 [ 26]
 [ 30]
 [ 33]
 [ 36]
 [ 40]
 [ 45]
 [ 52]
 [ 59]
 [ 69]
 [ 81]
 [ 97]
 [116]
 [141]
 [ 16]
 [ 18]
 [ 21]
 [ 23]
 [ 26]
 [ 29]
 [ 32]
 [ 36]
 [ 40]
 [ 47]
 [ 55]
 [ 64]
 [ 77]
 [ 93]
 [112]
 [137]
 [ 14]
 [ 16]
 [ 18]
 [ 20]
 [ 22]
 [ 24]
 [ 27]
 [ 31]
 [ 36]
 [ 43]
 [ 50]
 [ 60]
 [ 72]
 [ 88]
 [107]
 [132]
 [ 13]
 [ 14]
 [ 16]
 [ 17]
 [ 19]
 [ 22]
 [ 25]
 [ 29]
 [ 34]
 [ 40]
 [ 48]
 [ 57]
 [ 70]
 [ 86]
 [105]
 [130]
 [ 18]
 [ 20]
 [ 23]
 [ 26]
 [ 30]
 [ 33]
 [ 37]
 [ 40]
 [ 45]
 [ 52]
 [ 59]
 [ 69]
 [ 81]
 [ 97]
 [ 14]
 [ 16]
 [ 18]
 [ 20]
 [ 22]
 [ 24]
 [ 28]
 [ 31]
 [ 36]
 [ 43]
 [ 50]
 [ 60]
 [ 72]
 [ 88]
 [107]
 [132]]