[[ 19]
 [ 23]
 [ 27]
 [ 32]
 [ 40]
 [ 48]
 [ 59]
 [ 73]
 [ 91]
 [113]
 [ 18]
 [ 20]
 [ 23]
 [ 26]
 [ 29]
 [ 33]
 [ 39]
 [ 46]
 [ 54]
 [ 65]
 [ 79]
 [ 97]
 [119]
 [147]
 [183]
 [ 11]
 [ 12]
 [ 14]
 [ 16]
 [ 18]
 [ 21]
 [ 24]
 [ 28]
 [ 34]
 [ 41]
 [ 50]
 [ 60]
 [ 74]
 [ 93]
 [114]
 [ 25]
 [ 28]
 [ 32]
 [ 38]
 [ 45]
 [ 54]
 [ 64]
 [ 78]
 [ 96]
 [118]
 [146]
 [182]
 [225]
 [279]
 [ 22]
 [ 26]
 [ 30]
 [ 35]
 [ 43]
 [ 51]
 [ 62]
 [ 76]
 [ 94]
 [116]
 [144]
 [180]
 [223]
 [277]
 [ 20]
 [ 23]
 [ 27]
 [ 33]
 [ 40]
 [ 49]
 [ 60]
 [ 74]
 [ 92]
 [113]
 [141]
 [178]
 [221]
 [ 18]
 [ 22]
 [ 26]
 [ 32]
 [ 39]
 [ 48]
 [ 58]
 [ 72]
 [ 91]
 [112]
 [140]
 [177]
 [220]
 [ 28]
 [ 33]
 [ 38]
 [ 45]
 [ 54]
 [ 64]
 [ 78]
 [ 97]
 [118]
 [146]
 [183]
 [226]
 [ 22]
 [ 26]
 [ 30]
 [ 35]
 [ 43]
 [ 51]
 [ 62]
 [ 76]
 [ 94]
 [116]
 [144]
 [180]
 [223]
 [ 20]
 [ 23]
 [ 28]
 [ 33]
 [ 40]
 [ 49]
 [ 60]
 [ 74]
 [ 92]
 [113]
 [141]
 [178]
 [221]
 [ 18]
 [ 22]
 [ 26]
 [ 32]
 [ 39]
 [ 48]
 [ 59]
 [ 73]
 [ 91]
 [112]
 [140]
 [177]
 [ 25]
 [ 29]
 [ 33]
 [ 38]
 [ 45]
 [ 54]
 [ 64]
 [ 78]
 [ 20]
 [ 22]
 [ 26]
 [ 30]
 [ 35]
 [ 43]
 [ 51]
 [ 62]
 [ 15]
 [ 17]
 [ 20]
 [ 23]
 [ 28]
 [ 33]
 [ 40]
 [ 49]
 [ 12]
 [ 14]
 [ 16]
 [ 19]
 [ 22]
 [ 26]
 [ 32]
 [ 39]
 [ 48]
 [ 13]
 [ 15]
 [ 17]
 [ 20]
 [ 22]
 [ 25]
 [ 29]
 [ 33]
 [ 38]
 [ 45]
 [ 54]
 [ 65]
 [ 78]
 [ 97]
 [118]
 [146]
 [ 10]
 [ 12]
 [ 13]
 [ 15]
 [ 17]
 [ 20]
 [ 24]
 [ 28]
 [ 33]
 [ 41]
 [ 49]
 [ 60]
 [ 74]
 [ 92]
 [114]
 [142]
 [ 13]
 [ 15]
 [ 17]
 [ 20]
 [ 23]
 [ 25]
 [ 29]
 [ 33]
 [ 38]
 [ 46]
 [ 54]
 [ 65]
 [ 79]
 [ 97]
 [118]
 [146]
 [ 12]
 [ 14]
 [ 16]
 [ 18]
 [ 20]
 [ 23]
 [ 26]
 [ 30]
 [ 36]
 [ 43]
 [ 52]
 [ 62]
 [ 76]
 [ 95]
 [116]
 [144]
 [ 11]
 [ 12]
 [ 14]
 [ 15]
 [ 17]
 [ 20]
 [ 24]
 [ 28]
 [ 33]
 [ 41]
 [ 49]
 [ 60]
 [ 74]
 [ 92]
 [114]
 [142]
 [ 10]
 [ 11]
 [ 12]
 [ 14]
 [ 16]
 [ 19]
 [ 22]
 [ 27]
 [ 32]
 [ 40]
 [ 48]
 [ 59]
 [ 73]
 [ 91]
 [113]
 [141]
 [ 13]
 [ 15]
 [ 17]
 [ 20]
 [ 23]
 [ 25]
 [ 29]
 [ 33]
 [ 38]
 [ 46]
 [ 54]
 [ 65]
 [ 79]
 [ 97]
 [ 11]
 [ 12]
 [ 14]
 [ 16]
 [ 18]
 [ 20]
 [ 24]
 [ 28]
 [ 33]
 [ 41]
 [ 49]
 [ 60]
 [ 74]
 [ 92]
 [114]
 [142]]