[[ 16]
 [ 19]
 [ 23]
 [ 29]
 [ 36]
 [ 45]
 [ 55]
 [ 69]
 [ 87]
 [108]
 [ 11]
 [ 13]
 [ 15]
 [ 18]
 [ 22]
 [ 26]
 [ 31]
 [ 39]
 [ 47]
 [ 58]
 [ 71]
 [ 89]
 [111]
 [138]
 [174]
 [  7]
 [  8]
 [  9]
 [ 11]
 [ 13]
 [ 16]
 [ 20]
 [ 24]
 [ 29]
 [ 37]
 [ 45]
 [ 56]
 [ 70]
 [ 88]
 [109]
 [ 18]
 [ 21]
 [ 26]
 [ 31]
 [ 38]
 [ 47]
 [ 57]
 [ 71]
 [ 89]
 [110]
 [138]
 [174]
 [216]
 [269]
 [ 17]
 [ 20]
 [ 25]
 [ 30]
 [ 37]
 [ 46]
 [ 56]
 [ 70]
 [ 88]
 [109]
 [137]
 [173]
 [215]
 [268]
 [ 16]
 [ 19]
 [ 24]
 [ 29]
 [ 36]
 [ 45]
 [ 55]
 [ 69]
 [ 87]
 [108]
 [136]
 [172]
 [215]
 [ 15]
 [ 19]
 [ 23]
 [ 28]
 [ 36]
 [ 44]
 [ 55]
 [ 69]
 [ 87]
 [108]
 [136]
 [172]
 [214]
 [ 21]
 [ 26]
 [ 31]
 [ 38]
 [ 47]
 [ 57]
 [ 71]
 [ 89]
 [110]
 [138]
 [174]
 [216]
 [ 17]
 [ 20]
 [ 25]
 [ 30]
 [ 37]
 [ 46]
 [ 56]
 [ 70]
 [ 88]
 [109]
 [137]
 [173]
 [216]
 [ 16]
 [ 19]
 [ 24]
 [ 29]
 [ 36]
 [ 45]
 [ 55]
 [ 69]
 [ 87]
 [109]
 [136]
 [172]
 [215]
 [ 15]
 [ 19]
 [ 23]
 [ 29]
 [ 36]
 [ 44]
 [ 55]
 [ 69]
 [ 87]
 [108]
 [136]
 [172]
 [ 18]
 [ 21]
 [ 26]
 [ 31]
 [ 38]
 [ 47]
 [ 57]
 [ 71]
 [ 14]
 [ 17]
 [ 20]
 [ 25]
 [ 30]
 [ 37]
 [ 46]
 [ 56]
 [ 11]
 [ 13]
 [ 16]
 [ 19]
 [ 24]
 [ 29]
 [ 36]
 [ 45]
 [  9]
 [ 11]
 [ 13]
 [ 15]
 [ 19]
 [ 23]
 [ 29]
 [ 36]
 [ 44]
 [  8]
 [ 10]
 [ 11]
 [ 13]
 [ 15]
 [ 18]
 [ 21]
 [ 26]
 [ 31]
 [ 38]
 [ 47]
 [ 57]
 [ 71]
 [ 89]
 [110]
 [138]
 [  7]
 [  8]
 [  9]
 [ 11]
 [ 13]
 [ 16]
 [ 20]
 [ 24]
 [ 29]
 [ 36]
 [ 45]
 [ 56]
 [ 69]
 [ 87]
 [109]
 [136]
 [  8]
 [ 10]
 [ 11]
 [ 13]
 [ 15]
 [ 18]
 [ 21]
 [ 26]
 [ 31]
 [ 38]
 [ 47]
 [ 57]
 [ 71]
 [ 89]
 [110]
 [138]
 [  8]
 [  9]
 [ 10]
 [ 12]
 [ 14]
 [ 17]
 [ 20]
 [ 25]
 [ 30]
 [ 37]
 [ 46]
 [ 57]
 [ 70]
 [ 88]
 [110]
 [137]
 [  7]
 [  8]
 [  9]
 [ 11]
 [ 13]
 [ 16]
 [ 20]
 [ 24]
 [ 29]
 [ 37]
 [ 45]
 [ 56]
 [ 69]
 [ 87]
 [109]
 [136]
 [  6]
 [  7]
 [  9]
 [ 11]
 [ 13]
 [ 15]
 [ 19]
 [ 23]
 [ 29]
 [ 36]
 [ 45]
 [ 55]
 [ 69]
 [ 87]
 [108]
 [136]
 [  8]
 [ 10]
 [ 11]
 [ 13]
 [ 15]
 [ 18]
 [ 21]
 [ 26]
 [ 31]
 [ 38]
 [ 47]
 [ 58]
 [ 71]
 [ 89]
 [  7]
 [  8]
 [  9]
 [ 11]
 [ 13]
 [ 16]
 [ 20]
 [ 24]
 [ 29]
 [ 37]
 [ 45]
 [ 56]
 [ 69]
 [ 88]
 [109]
 [136]]