[[118]
 [119]
 [119]
 [118]
 [120]
 [121]
 [121]
 [118]
 [116]
 [113]
 [109]
 [113]
 [118]
 [123]
 [127]
 [122]
 [122]
 [124]
 [124]
 [123]
 [122]
 [123]
 [122]
 [119]
 [113]
 [125]
 [126]
 [127]
 [129]
 [131]
 [125]
 [114]
 [113]
 [110]
 [111]
 [116]
 [118]
 [119]
 [119]
 [116]
 [127]
 [127]
 [128]
 [128]
 [129]
 [129]
 [129]
 [128]
 [128]
 [127]
 [126]
 [123]
 [119]
 [118]
 [126]
 [127]
 [129]
 [129]
 [129]
 [129]
 [129]
 [128]
 [128]
 [127]
 [124]
 [121]
 [119]
 [119]
 [127]
 [129]
 [130]
 [130]
 [130]
 [129]
 [129]
 [129]
 [127]
 [125]
 [122]
 [121]
 [120]
 [128]
 [129]
 [130]
 [130]
 [129]
 [130]
 [129]
 [128]
 [126]
 [124]
 [122]
 [121]
 [121]
 [130]
 [131]
 [132]
 [131]
 [128]
 [127]
 [126]
 [124]
 [122]
 [121]
 [118]
 [116]
 [129]
 [132]
 [132]
 [131]
 [129]
 [127]
 [126]
 [124]
 [122]
 [122]
 [119]
 [118]
 [116]
 [130]
 [131]
 [130]
 [129]
 [128]
 [126]
 [125]
 [123]
 [122]
 [120]
 [119]
 [118]
 [117]
 [129]
 [130]
 [129]
 [128]
 [127]
 [125]
 [124]
 [123]
 [121]
 [120]
 [119]
 [118]
 [134]
 [134]
 [133]
 [134]
 [133]
 [129]
 [127]
 [125]
 [132]
 [132]
 [131]
 [133]
 [133]
 [130]
 [128]
 [126]
 [129]
 [130]
 [131]
 [131]
 [129]
 [128]
 [127]
 [126]
 [127]
 [128]
 [128]
 [128]
 [128]
 [127]
 [126]
 [125]
 [123]
 [139]
 [140]
 [141]
 [135]
 [135]
 [132]
 [129]
 [129]
 [131]
 [133]
 [132]
 [130]
 [126]
 [122]
 [118]
 [116]
 [130]
 [131]
 [132]
 [126]
 [127]
 [127]
 [128]
 [128]
 [128]
 [126]
 [125]
 [122]
 [120]
 [117]
 [115]
 [114]
 [128]
 [127]
 [127]
 [127]
 [126]
 [129]
 [129]
 [129]
 [130]
 [131]
 [131]
 [130]
 [126]
 [122]
 [118]
 [115]
 [129]
 [131]
 [130]
 [126]
 [125]
 [127]
 [128]
 [127]
 [128]
 [128]
 [127]
 [125]
 [122]
 [119]
 [116]
 [113]
 [118]
 [119]
 [121]
 [123]
 [124]
 [126]
 [127]
 [127]
 [126]
 [124]
 [122]
 [120]
 [118]
 [116]
 [113]
 [112]
 [116]
 [117]
 [121]
 [123]
 [125]
 [126]
 [127]
 [125]
 [123]
 [121]
 [119]
 [117]
 [117]
 [114]
 [112]
 [112]
 [123]
 [125]
 [126]
 [125]
 [125]
 [127]
 [129]
 [129]
 [128]
 [127]
 [126]
 [126]
 [125]
 [121]
 [118]
 [119]
 [121]
 [121]
 [122]
 [125]
 [127]
 [128]
 [126]
 [123]
 [122]
 [120]
 [118]
 [116]
 [114]
 [111]]