[[ 19]
 [ 23]
 [ 27]
 [ 32]
 [ 39]
 [ 48]
 [ 58]
 [ 72]
 [ 90]
 [111]
 [ 17]
 [ 20]
 [ 23]
 [ 25]
 [ 29]
 [ 33]
 [ 38]
 [ 46]
 [ 54]
 [ 65]
 [ 78]
 [ 96]
 [117]
 [144]
 [180]
 [ 11]
 [ 12]
 [ 14]
 [ 16]
 [ 18]
 [ 20]
 [ 24]
 [ 28]
 [ 34]
 [ 41]
 [ 49]
 [ 60]
 [ 73]
 [ 91]
 [112]
 [ 24]
 [ 28]
 [ 32]
 [ 37]
 [ 45]
 [ 53]
 [ 63]
 [ 77]
 [ 95]
 [116]
 [143]
 [179]
 [221]
 [273]
 [ 22]
 [ 25]
 [ 30]
 [ 35]
 [ 42]
 [ 51]
 [ 61]
 [ 75]
 [ 92]
 [113]
 [141]
 [176]
 [218]
 [271]
 [ 19]
 [ 23]
 [ 27]
 [ 32]
 [ 40]
 [ 48]
 [ 59]
 [ 72]
 [ 90]
 [111]
 [138]
 [174]
 [216]
 [ 18]
 [ 22]
 [ 26]
 [ 31]
 [ 39]
 [ 47]
 [ 57]
 [ 71]
 [ 89]
 [110]
 [137]
 [173]
 [215]
 [ 28]
 [ 32]
 [ 37]
 [ 45]
 [ 53]
 [ 64]
 [ 77]
 [ 95]
 [116]
 [143]
 [179]
 [221]
 [ 22]
 [ 26]
 [ 30]
 [ 35]
 [ 42]
 [ 51]
 [ 61]
 [ 75]
 [ 93]
 [114]
 [141]
 [177]
 [219]
 [ 20]
 [ 23]
 [ 27]
 [ 33]
 [ 40]
 [ 48]
 [ 59]
 [ 72]
 [ 90]
 [111]
 [138]
 [174]
 [216]
 [ 18]
 [ 22]
 [ 26]
 [ 31]
 [ 39]
 [ 47]
 [ 58]
 [ 71]
 [ 89]
 [110]
 [137]
 [173]
 [ 25]
 [ 28]
 [ 32]
 [ 38]
 [ 45]
 [ 53]
 [ 64]
 [ 77]
 [ 19]
 [ 22]
 [ 26]
 [ 30]
 [ 35]
 [ 42]
 [ 51]
 [ 61]
 [ 15]
 [ 17]
 [ 20]
 [ 23]
 [ 27]
 [ 33]
 [ 40]
 [ 48]
 [ 12]
 [ 14]
 [ 16]
 [ 19]
 [ 22]
 [ 26]
 [ 32]
 [ 39]
 [ 47]
 [ 13]
 [ 15]
 [ 17]
 [ 19]
 [ 22]
 [ 25]
 [ 28]
 [ 32]
 [ 38]
 [ 45]
 [ 53]
 [ 64]
 [ 78]
 [ 95]
 [116]
 [144]
 [ 10]
 [ 12]
 [ 13]
 [ 15]
 [ 17]
 [ 20]
 [ 23]
 [ 28]
 [ 33]
 [ 40]
 [ 49]
 [ 59]
 [ 73]
 [ 91]
 [112]
 [139]
 [ 13]
 [ 15]
 [ 17]
 [ 19]
 [ 22]
 [ 25]
 [ 28]
 [ 33]
 [ 38]
 [ 45]
 [ 54]
 [ 64]
 [ 78]
 [ 96]
 [116]
 [144]
 [ 12]
 [ 13]
 [ 15]
 [ 18]
 [ 20]
 [ 22]
 [ 26]
 [ 30]
 [ 35]
 [ 43]
 [ 51]
 [ 62]
 [ 75]
 [ 93]
 [114]
 [141]
 [ 10]
 [ 12]
 [ 13]
 [ 15]
 [ 17]
 [ 20]
 [ 24]
 [ 28]
 [ 33]
 [ 40]
 [ 49]
 [ 59]
 [ 73]
 [ 91]
 [112]
 [139]
 [ 10]
 [ 11]
 [ 12]
 [ 14]
 [ 16]
 [ 19]
 [ 22]
 [ 27]
 [ 32]
 [ 39]
 [ 48]
 [ 58]
 [ 72]
 [ 90]
 [111]
 [138]
 [ 13]
 [ 15]
 [ 17]
 [ 19]
 [ 22]
 [ 25]
 [ 29]
 [ 33]
 [ 38]
 [ 45]
 [ 54]
 [ 64]
 [ 78]
 [ 96]
 [ 10]
 [ 12]
 [ 14]
 [ 15]
 [ 17]
 [ 20]
 [ 24]
 [ 28]
 [ 33]
 [ 41]
 [ 49]
 [ 59]
 [ 73]
 [ 91]
 [112]
 [139]]