[[ 18]
 [ 22]
 [ 27]
 [ 33]
 [ 41]
 [ 50]
 [ 61]
 [ 76]
 [ 96]
 [119]
 [ 15]
 [ 18]
 [ 20]
 [ 23]
 [ 27]
 [ 31]
 [ 37]
 [ 45]
 [ 54]
 [ 66]
 [ 81]
 [100]
 [123]
 [153]
 [193]
 [  9]
 [ 11]
 [ 12]
 [ 14]
 [ 16]
 [ 19]
 [ 23]
 [ 28]
 [ 34]
 [ 42]
 [ 51]
 [ 62]
 [ 77]
 [ 97]
 [120]
 [ 23]
 [ 26]
 [ 31]
 [ 37]
 [ 45]
 [ 54]
 [ 65]
 [ 80]
 [100]
 [123]
 [153]
 [192]
 [238]
 [296]
 [ 21]
 [ 25]
 [ 29]
 [ 35]
 [ 43]
 [ 52]
 [ 64]
 [ 79]
 [ 98]
 [121]
 [151]
 [190]
 [236]
 [294]
 [ 19]
 [ 23]
 [ 27]
 [ 33]
 [ 41]
 [ 50]
 [ 62]
 [ 77]
 [ 96]
 [119]
 [149]
 [189]
 [235]
 [ 18]
 [ 22]
 [ 26]
 [ 32]
 [ 40]
 [ 49]
 [ 61]
 [ 76]
 [ 96]
 [119]
 [149]
 [188]
 [234]
 [ 27]
 [ 31]
 [ 37]
 [ 45]
 [ 54]
 [ 65]
 [ 80]
 [100]
 [123]
 [153]
 [192]
 [238]
 [ 21]
 [ 25]
 [ 29]
 [ 35]
 [ 43]
 [ 52]
 [ 64]
 [ 79]
 [ 98]
 [121]
 [151]
 [190]
 [237]
 [ 19]
 [ 23]
 [ 27]
 [ 33]
 [ 41]
 [ 50]
 [ 62]
 [ 77]
 [ 97]
 [120]
 [150]
 [189]
 [235]
 [ 18]
 [ 22]
 [ 27]
 [ 32]
 [ 40]
 [ 50]
 [ 61]
 [ 76]
 [ 96]
 [119]
 [149]
 [188]
 [ 23]
 [ 27]
 [ 31]
 [ 37]
 [ 45]
 [ 54]
 [ 65]
 [ 80]
 [ 18]
 [ 21]
 [ 25]
 [ 29]
 [ 35]
 [ 43]
 [ 52]
 [ 64]
 [ 14]
 [ 16]
 [ 19]
 [ 23]
 [ 27]
 [ 33]
 [ 41]
 [ 51]
 [ 11]
 [ 13]
 [ 15]
 [ 18]
 [ 22]
 [ 27]
 [ 32]
 [ 40]
 [ 50]
 [ 12]
 [ 13]
 [ 15]
 [ 17]
 [ 20]
 [ 23]
 [ 27]
 [ 31]
 [ 37]
 [ 45]
 [ 54]
 [ 66]
 [ 81]
 [100]
 [123]
 [153]
 [  9]
 [ 10]
 [ 12]
 [ 14]
 [ 16]
 [ 19]
 [ 23]
 [ 28]
 [ 33]
 [ 41]
 [ 51]
 [ 62]
 [ 77]
 [ 97]
 [120]
 [150]
 [ 12]
 [ 13]
 [ 15]
 [ 17]
 [ 20]
 [ 23]
 [ 27]
 [ 31]
 [ 37]
 [ 45]
 [ 54]
 [ 66]
 [ 81]
 [100]
 [123]
 [153]
 [ 11]
 [ 12]
 [ 14]
 [ 16]
 [ 18]
 [ 21]
 [ 25]
 [ 29]
 [ 35]
 [ 43]
 [ 52]
 [ 64]
 [ 79]
 [ 98]
 [122]
 [151]
 [  9]
 [ 10]
 [ 12]
 [ 14]
 [ 16]
 [ 19]
 [ 23]
 [ 28]
 [ 33]
 [ 41]
 [ 51]
 [ 62]
 [ 77]
 [ 97]
 [120]
 [150]
 [  8]
 [ 10]
 [ 11]
 [ 13]
 [ 15]
 [ 18]
 [ 22]
 [ 27]
 [ 33]
 [ 41]
 [ 50]
 [ 61]
 [ 76]
 [ 96]
 [119]
 [149]
 [ 12]
 [ 13]
 [ 15]
 [ 18]
 [ 20]
 [ 23]
 [ 27]
 [ 31]
 [ 37]
 [ 45]
 [ 54]
 [ 66]
 [ 81]
 [100]
 [  9]
 [ 11]
 [ 12]
 [ 14]
 [ 16]
 [ 19]
 [ 23]
 [ 28]
 [ 34]
 [ 42]
 [ 51]
 [ 62]
 [ 77]
 [ 97]
 [120]
 [150]]