[[ 18]
 [ 22]
 [ 26]
 [ 31]
 [ 39]
 [ 47]
 [ 57]
 [ 71]
 [ 88]
 [109]
 [ 17]
 [ 19]
 [ 22]
 [ 25]
 [ 28]
 [ 32]
 [ 38]
 [ 45]
 [ 53]
 [ 64]
 [ 77]
 [ 95]
 [116]
 [143]
 [178]
 [ 10]
 [ 11]
 [ 13]
 [ 15]
 [ 17]
 [ 20]
 [ 23]
 [ 27]
 [ 33]
 [ 40]
 [ 48]
 [ 59]
 [ 72]
 [ 90]
 [110]
 [ 25]
 [ 28]
 [ 32]
 [ 38]
 [ 45]
 [ 53]
 [ 64]
 [ 77]
 [ 95]
 [115]
 [142]
 [178]
 [219]
 [271]
 [ 22]
 [ 26]
 [ 30]
 [ 35]
 [ 42]
 [ 51]
 [ 61]
 [ 74]
 [ 92]
 [113]
 [140]
 [175]
 [217]
 [269]
 [ 20]
 [ 23]
 [ 27]
 [ 32]
 [ 40]
 [ 48]
 [ 58]
 [ 72]
 [ 89]
 [110]
 [137]
 [173]
 [214]
 [ 18]
 [ 22]
 [ 26]
 [ 31]
 [ 38]
 [ 47]
 [ 57]
 [ 71]
 [ 88]
 [109]
 [136]
 [171]
 [213]
 [ 28]
 [ 32]
 [ 38]
 [ 45]
 [ 53]
 [ 64]
 [ 77]
 [ 95]
 [115]
 [142]
 [178]
 [219]
 [ 22]
 [ 26]
 [ 30]
 [ 35]
 [ 42]
 [ 51]
 [ 61]
 [ 74]
 [ 92]
 [113]
 [140]
 [175]
 [217]
 [ 20]
 [ 23]
 [ 27]
 [ 32]
 [ 40]
 [ 48]
 [ 58]
 [ 72]
 [ 90]
 [110]
 [137]
 [173]
 [214]
 [ 18]
 [ 22]
 [ 26]
 [ 31]
 [ 38]
 [ 47]
 [ 57]
 [ 71]
 [ 88]
 [109]
 [136]
 [171]
 [ 25]
 [ 28]
 [ 32]
 [ 38]
 [ 45]
 [ 53]
 [ 64]
 [ 77]
 [ 19]
 [ 22]
 [ 26]
 [ 30]
 [ 35]
 [ 42]
 [ 51]
 [ 61]
 [ 15]
 [ 17]
 [ 20]
 [ 23]
 [ 27]
 [ 33]
 [ 40]
 [ 48]
 [ 12]
 [ 13]
 [ 16]
 [ 18]
 [ 22]
 [ 26]
 [ 31]
 [ 38]
 [ 47]
 [ 14]
 [ 16]
 [ 17]
 [ 20]
 [ 22]
 [ 25]
 [ 28]
 [ 32]
 [ 38]
 [ 45]
 [ 53]
 [ 64]
 [ 77]
 [ 95]
 [116]
 [142]
 [ 10]
 [ 11]
 [ 13]
 [ 15]
 [ 17]
 [ 20]
 [ 23]
 [ 27]
 [ 33]
 [ 40]
 [ 48]
 [ 58]
 [ 72]
 [ 90]
 [110]
 [137]
 [ 14]
 [ 16]
 [ 17]
 [ 20]
 [ 22]
 [ 25]
 [ 28]
 [ 32]
 [ 38]
 [ 45]
 [ 53]
 [ 64]
 [ 77]
 [ 95]
 [116]
 [143]
 [ 12]
 [ 14]
 [ 15]
 [ 17]
 [ 19]
 [ 22]
 [ 26]
 [ 30]
 [ 35]
 [ 42]
 [ 51]
 [ 61]
 [ 75]
 [ 92]
 [113]
 [140]
 [ 10]
 [ 11]
 [ 13]
 [ 15]
 [ 17]
 [ 20]
 [ 23]
 [ 27]
 [ 33]
 [ 40]
 [ 48]
 [ 58]
 [ 72]
 [ 90]
 [110]
 [137]
 [  9]
 [ 10]
 [ 12]
 [ 13]
 [ 16]
 [ 18]
 [ 22]
 [ 26]
 [ 31]
 [ 38]
 [ 47]
 [ 57]
 [ 71]
 [ 88]
 [109]
 [136]
 [ 14]
 [ 16]
 [ 17]
 [ 19]
 [ 22]
 [ 25]
 [ 28]
 [ 32]
 [ 38]
 [ 45]
 [ 53]
 [ 64]
 [ 77]
 [ 95]
 [ 10]
 [ 11]
 [ 13]
 [ 15]
 [ 17]
 [ 20]
 [ 23]
 [ 27]
 [ 33]
 [ 40]
 [ 48]
 [ 58]
 [ 72]
 [ 90]
 [110]
 [137]]