[[ 19]
 [ 23]
 [ 27]
 [ 32]
 [ 40]
 [ 48]
 [ 58]
 [ 72]
 [ 90]
 [110]
 [ 20]
 [ 22]
 [ 24]
 [ 27]
 [ 30]
 [ 35]
 [ 40]
 [ 47]
 [ 55]
 [ 66]
 [ 79]
 [ 97]
 [118]
 [145]
 [180]
 [ 12]
 [ 13]
 [ 15]
 [ 16]
 [ 18]
 [ 21]
 [ 25]
 [ 29]
 [ 34]
 [ 41]
 [ 49]
 [ 60]
 [ 73]
 [ 91]
 [112]
 [ 26]
 [ 30]
 [ 34]
 [ 39]
 [ 47]
 [ 55]
 [ 65]
 [ 79]
 [ 96]
 [117]
 [144]
 [180]
 [222]
 [274]
 [ 24]
 [ 27]
 [ 31]
 [ 36]
 [ 44]
 [ 52]
 [ 62]
 [ 76]
 [ 94]
 [114]
 [142]
 [177]
 [219]
 [271]
 [ 21]
 [ 24]
 [ 28]
 [ 33]
 [ 41]
 [ 49]
 [ 59]
 [ 73]
 [ 91]
 [112]
 [139]
 [174]
 [216]
 [ 19]
 [ 23]
 [ 27]
 [ 32]
 [ 39]
 [ 48]
 [ 58]
 [ 72]
 [ 89]
 [110]
 [137]
 [173]
 [214]
 [ 30]
 [ 34]
 [ 39]
 [ 47]
 [ 55]
 [ 65]
 [ 79]
 [ 96]
 [117]
 [144]
 [180]
 [222]
 [ 24]
 [ 27]
 [ 31]
 [ 36]
 [ 44]
 [ 52]
 [ 62]
 [ 76]
 [ 94]
 [114]
 [142]
 [177]
 [219]
 [ 21]
 [ 24]
 [ 28]
 [ 33]
 [ 41]
 [ 49]
 [ 59]
 [ 73]
 [ 91]
 [112]
 [139]
 [174]
 [216]
 [ 19]
 [ 23]
 [ 27]
 [ 32]
 [ 39]
 [ 48]
 [ 58]
 [ 72]
 [ 89]
 [110]
 [137]
 [173]
 [ 27]
 [ 30]
 [ 34]
 [ 39]
 [ 47]
 [ 55]
 [ 65]
 [ 79]
 [ 21]
 [ 24]
 [ 27]
 [ 31]
 [ 37]
 [ 44]
 [ 52]
 [ 62]
 [ 16]
 [ 18]
 [ 21]
 [ 24]
 [ 28]
 [ 34]
 [ 41]
 [ 49]
 [ 13]
 [ 14]
 [ 17]
 [ 19]
 [ 23]
 [ 27]
 [ 32]
 [ 39]
 [ 48]
 [ 16]
 [ 17]
 [ 19]
 [ 22]
 [ 24]
 [ 27]
 [ 30]
 [ 34]
 [ 40]
 [ 47]
 [ 55]
 [ 65]
 [ 79]
 [ 97]
 [117]
 [145]
 [ 11]
 [ 13]
 [ 14]
 [ 16]
 [ 18]
 [ 21]
 [ 24]
 [ 28]
 [ 34]
 [ 41]
 [ 49]
 [ 60]
 [ 73]
 [ 91]
 [112]
 [139]
 [ 16]
 [ 17]
 [ 19]
 [ 22]
 [ 24]
 [ 27]
 [ 30]
 [ 34]
 [ 40]
 [ 47]
 [ 55]
 [ 65]
 [ 79]
 [ 97]
 [117]
 [145]
 [ 14]
 [ 15]
 [ 17]
 [ 19]
 [ 21]
 [ 24]
 [ 27]
 [ 31]
 [ 37]
 [ 44]
 [ 52]
 [ 62]
 [ 76]
 [ 94]
 [115]
 [142]
 [ 12]
 [ 13]
 [ 14]
 [ 16]
 [ 18]
 [ 21]
 [ 24]
 [ 28]
 [ 34]
 [ 41]
 [ 49]
 [ 60]
 [ 73]
 [ 91]
 [112]
 [139]
 [ 10]
 [ 11]
 [ 13]
 [ 15]
 [ 17]
 [ 19]
 [ 23]
 [ 27]
 [ 32]
 [ 39]
 [ 48]
 [ 58]
 [ 72]
 [ 89]
 [110]
 [137]
 [ 16]
 [ 18]
 [ 19]
 [ 22]
 [ 24]
 [ 27]
 [ 30]
 [ 34]
 [ 40]
 [ 47]
 [ 55]
 [ 66]
 [ 79]
 [ 97]
 [ 12]
 [ 13]
 [ 14]
 [ 16]
 [ 18]
 [ 21]
 [ 24]
 [ 29]
 [ 34]
 [ 41]
 [ 49]
 [ 60]
 [ 73]
 [ 91]
 [112]
 [139]]