[[ 20]
 [ 23]
 [ 27]
 [ 31]
 [ 37]
 [ 45]
 [ 54]
 [ 65]
 [ 81]
 [ 99]
 [ 22]
 [ 24]
 [ 27]
 [ 29]
 [ 32]
 [ 36]
 [ 40]
 [ 47]
 [ 54]
 [ 63]
 [ 75]
 [ 90]
 [108]
 [132]
 [162]
 [ 13]
 [ 15]
 [ 17]
 [ 18]
 [ 20]
 [ 22]
 [ 25]
 [ 29]
 [ 33]
 [ 40]
 [ 47]
 [ 56]
 [ 68]
 [ 83]
 [101]
 [ 28]
 [ 31]
 [ 34]
 [ 39]
 [ 45]
 [ 52]
 [ 61]
 [ 73]
 [ 89]
 [107]
 [130]
 [161]
 [197]
 [242]
 [ 24]
 [ 27]
 [ 31]
 [ 35]
 [ 42]
 [ 49]
 [ 58]
 [ 70]
 [ 85]
 [103]
 [127]
 [157]
 [194]
 [239]
 [ 20]
 [ 24]
 [ 27]
 [ 32]
 [ 38]
 [ 45]
 [ 54]
 [ 66]
 [ 81]
 [100]
 [123]
 [154]
 [190]
 [ 19]
 [ 22]
 [ 25]
 [ 30]
 [ 36]
 [ 43]
 [ 53]
 [ 64]
 [ 80]
 [ 98]
 [121]
 [152]
 [188]
 [ 31]
 [ 34]
 [ 39]
 [ 45]
 [ 53]
 [ 62]
 [ 73]
 [ 89]
 [107]
 [130]
 [161]
 [197]
 [ 24]
 [ 27]
 [ 31]
 [ 36]
 [ 42]
 [ 49]
 [ 58]
 [ 70]
 [ 85]
 [103]
 [127]
 [158]
 [194]
 [ 21]
 [ 24]
 [ 27]
 [ 32]
 [ 38]
 [ 45]
 [ 55]
 [ 66]
 [ 82]
 [100]
 [123]
 [154]
 [190]
 [ 19]
 [ 22]
 [ 26]
 [ 30]
 [ 36]
 [ 44]
 [ 53]
 [ 65]
 [ 80]
 [ 98]
 [122]
 [152]
 [ 28]
 [ 31]
 [ 35]
 [ 39]
 [ 46]
 [ 53]
 [ 62]
 [ 74]
 [ 22]
 [ 25]
 [ 28]
 [ 31]
 [ 36]
 [ 42]
 [ 49]
 [ 58]
 [ 17]
 [ 19]
 [ 21]
 [ 24]
 [ 28]
 [ 32]
 [ 38]
 [ 46]
 [ 14]
 [ 15]
 [ 17]
 [ 19]
 [ 22]
 [ 26]
 [ 30]
 [ 37]
 [ 44]
 [ 17]
 [ 19]
 [ 21]
 [ 24]
 [ 26]
 [ 28]
 [ 31]
 [ 35]
 [ 39]
 [ 46]
 [ 53]
 [ 62]
 [ 74]
 [ 89]
 [107]
 [131]
 [ 13]
 [ 14]
 [ 16]
 [ 17]
 [ 19]
 [ 21]
 [ 24]
 [ 28]
 [ 32]
 [ 39]
 [ 46]
 [ 55]
 [ 67]
 [ 82]
 [100]
 [124]
 [ 17]
 [ 19]
 [ 21]
 [ 24]
 [ 26]
 [ 29]
 [ 32]
 [ 35]
 [ 40]
 [ 46]
 [ 53]
 [ 62]
 [ 74]
 [ 89]
 [107]
 [131]
 [ 15]
 [ 17]
 [ 19]
 [ 21]
 [ 23]
 [ 25]
 [ 28]
 [ 32]
 [ 36]
 [ 42]
 [ 50]
 [ 59]
 [ 70]
 [ 86]
 [104]
 [127]
 [ 13]
 [ 14]
 [ 16]
 [ 17]
 [ 19]
 [ 21]
 [ 24]
 [ 28]
 [ 33]
 [ 39]
 [ 46]
 [ 55]
 [ 67]
 [ 82]
 [100]
 [124]
 [ 12]
 [ 13]
 [ 14]
 [ 15]
 [ 17]
 [ 20]
 [ 23]
 [ 26]
 [ 31]
 [ 37]
 [ 44]
 [ 53]
 [ 65]
 [ 81]
 [ 99]
 [122]
 [ 17]
 [ 19]
 [ 21]
 [ 24]
 [ 26]
 [ 29]
 [ 32]
 [ 35]
 [ 40]
 [ 46]
 [ 53]
 [ 62]
 [ 74]
 [ 90]
 [ 13]
 [ 15]
 [ 16]
 [ 18]
 [ 19]
 [ 22]
 [ 25]
 [ 28]
 [ 33]
 [ 39]
 [ 46]
 [ 55]
 [ 67]
 [ 83]
 [101]
 [124]]