[[ 22]
 [ 25]
 [ 29]
 [ 33]
 [ 40]
 [ 47]
 [ 57]
 [ 69]
 [ 85]
 [103]
 [ 26]
 [ 28]
 [ 30]
 [ 33]
 [ 36]
 [ 39]
 [ 44]
 [ 51]
 [ 58]
 [ 67]
 [ 80]
 [ 95]
 [114]
 [138]
 [170]
 [ 16]
 [ 17]
 [ 18]
 [ 20]
 [ 22]
 [ 24]
 [ 27]
 [ 31]
 [ 36]
 [ 42]
 [ 50]
 [ 59]
 [ 71]
 [ 87]
 [106]
 [ 31]
 [ 34]
 [ 38]
 [ 42]
 [ 49]
 [ 56]
 [ 65]
 [ 78]
 [ 93]
 [112]
 [136]
 [168]
 [206]
 [253]
 [ 27]
 [ 30]
 [ 33]
 [ 38]
 [ 45]
 [ 52]
 [ 61]
 [ 73]
 [ 89]
 [108]
 [132]
 [164]
 [202]
 [248]
 [ 22]
 [ 25]
 [ 29]
 [ 34]
 [ 40]
 [ 48]
 [ 57]
 [ 69]
 [ 85]
 [104]
 [128]
 [160]
 [198]
 [ 20]
 [ 23]
 [ 27]
 [ 32]
 [ 38]
 [ 46]
 [ 55]
 [ 67]
 [ 83]
 [102]
 [126]
 [158]
 [196]
 [ 34]
 [ 38]
 [ 43]
 [ 49]
 [ 56]
 [ 66]
 [ 78]
 [ 94]
 [112]
 [137]
 [169]
 [206]
 [ 27]
 [ 30]
 [ 34]
 [ 38]
 [ 45]
 [ 52]
 [ 62]
 [ 74]
 [ 90]
 [108]
 [133]
 [164]
 [202]
 [ 23]
 [ 26]
 [ 29]
 [ 34]
 [ 41]
 [ 48]
 [ 57]
 [ 70]
 [ 85]
 [104]
 [129]
 [160]
 [198]
 [ 20]
 [ 24]
 [ 27]
 [ 32]
 [ 39]
 [ 46]
 [ 55]
 [ 67]
 [ 83]
 [102]
 [127]
 [158]
 [ 32]
 [ 35]
 [ 38]
 [ 43]
 [ 49]
 [ 57]
 [ 66]
 [ 78]
 [ 25]
 [ 27]
 [ 30]
 [ 34]
 [ 39]
 [ 45]
 [ 53]
 [ 62]
 [ 19]
 [ 20]
 [ 23]
 [ 26]
 [ 30]
 [ 34]
 [ 41]
 [ 48]
 [ 15]
 [ 17]
 [ 18]
 [ 21]
 [ 24]
 [ 28]
 [ 32]
 [ 39]
 [ 46]
 [ 21]
 [ 23]
 [ 25]
 [ 27]
 [ 29]
 [ 32]
 [ 35]
 [ 38]
 [ 43]
 [ 50]
 [ 57]
 [ 66]
 [ 78]
 [ 94]
 [113]
 [137]
 [ 15]
 [ 16]
 [ 17]
 [ 19]
 [ 21]
 [ 23]
 [ 26]
 [ 30]
 [ 35]
 [ 41]
 [ 49]
 [ 58]
 [ 70]
 [ 86]
 [105]
 [129]
 [ 21]
 [ 23]
 [ 25]
 [ 27]
 [ 30]
 [ 32]
 [ 35]
 [ 39]
 [ 43]
 [ 50]
 [ 57]
 [ 67]
 [ 79]
 [ 95]
 [113]
 [137]
 [ 18]
 [ 20]
 [ 22]
 [ 24]
 [ 25]
 [ 28]
 [ 31]
 [ 34]
 [ 39]
 [ 46]
 [ 53]
 [ 62]
 [ 75]
 [ 90]
 [109]
 [133]
 [ 15]
 [ 16]
 [ 18]
 [ 19]
 [ 21]
 [ 23]
 [ 27]
 [ 30]
 [ 35]
 [ 41]
 [ 49]
 [ 58]
 [ 70]
 [ 86]
 [105]
 [129]
 [ 13]
 [ 14]
 [ 15]
 [ 17]
 [ 19]
 [ 21]
 [ 24]
 [ 28]
 [ 33]
 [ 39]
 [ 47]
 [ 56]
 [ 68]
 [ 84]
 [103]
 [127]
 [ 22]
 [ 23]
 [ 25]
 [ 28]
 [ 30]
 [ 32]
 [ 35]
 [ 39]
 [ 44]
 [ 50]
 [ 58]
 [ 67]
 [ 79]
 [ 95]
 [ 15]
 [ 16]
 [ 18]
 [ 19]
 [ 21]
 [ 24]
 [ 27]
 [ 31]
 [ 35]
 [ 42]
 [ 49]
 [ 58]
 [ 71]
 [ 87]
 [105]
 [130]]