[[ 23]
 [ 26]
 [ 30]
 [ 34]
 [ 40]
 [ 47]
 [ 56]
 [ 67]
 [ 82]
 [100]
 [ 27]
 [ 30]
 [ 33]
 [ 36]
 [ 39]
 [ 43]
 [ 48]
 [ 54]
 [ 61]
 [ 69]
 [ 81]
 [ 95]
 [113]
 [136]
 [165]
 [ 17]
 [ 18]
 [ 20]
 [ 22]
 [ 24]
 [ 26]
 [ 29]
 [ 33]
 [ 37]
 [ 43]
 [ 50]
 [ 59]
 [ 70]
 [ 85]
 [103]
 [ 34]
 [ 37]
 [ 41]
 [ 46]
 [ 52]
 [ 59]
 [ 68]
 [ 79]
 [ 94]
 [111]
 [134]
 [164]
 [199]
 [243]
 [ 29]
 [ 32]
 [ 36]
 [ 41]
 [ 47]
 [ 54]
 [ 62]
 [ 74]
 [ 88]
 [106]
 [129]
 [159]
 [194]
 [238]
 [ 24]
 [ 27]
 [ 31]
 [ 35]
 [ 41]
 [ 48]
 [ 57]
 [ 68]
 [ 83]
 [101]
 [124]
 [153]
 [189]
 [ 22]
 [ 25]
 [ 28]
 [ 33]
 [ 39]
 [ 46]
 [ 54]
 [ 66]
 [ 81]
 [ 98]
 [121]
 [151]
 [186]
 [ 38]
 [ 41]
 [ 46]
 [ 52]
 [ 59]
 [ 68]
 [ 79]
 [ 94]
 [111]
 [134]
 [164]
 [199]
 [ 29]
 [ 33]
 [ 36]
 [ 41]
 [ 47]
 [ 54]
 [ 63]
 [ 74]
 [ 89]
 [106]
 [129]
 [159]
 [194]
 [ 24]
 [ 28]
 [ 31]
 [ 35]
 [ 42]
 [ 49]
 [ 57]
 [ 69]
 [ 84]
 [101]
 [124]
 [154]
 [189]
 [ 22]
 [ 25]
 [ 28]
 [ 33]
 [ 39]
 [ 46]
 [ 55]
 [ 66]
 [ 81]
 [ 98]
 [121]
 [151]
 [ 35]
 [ 38]
 [ 41]
 [ 46]
 [ 52]
 [ 59]
 [ 68]
 [ 79]
 [ 27]
 [ 30]
 [ 33]
 [ 37]
 [ 41]
 [ 47]
 [ 54]
 [ 63]
 [ 21]
 [ 22]
 [ 25]
 [ 28]
 [ 31]
 [ 36]
 [ 42]
 [ 49]
 [ 17]
 [ 18]
 [ 20]
 [ 22]
 [ 25]
 [ 29]
 [ 33]
 [ 39]
 [ 46]
 [ 22]
 [ 24]
 [ 26]
 [ 29]
 [ 32]
 [ 35]
 [ 38]
 [ 42]
 [ 46]
 [ 53]
 [ 60]
 [ 68]
 [ 80]
 [ 94]
 [112]
 [135]
 [ 16]
 [ 17]
 [ 19]
 [ 21]
 [ 23]
 [ 25]
 [ 28]
 [ 32]
 [ 36]
 [ 42]
 [ 49]
 [ 58]
 [ 69]
 [ 84]
 [101]
 [124]
 [ 22]
 [ 24]
 [ 27]
 [ 29]
 [ 32]
 [ 35]
 [ 38]
 [ 42]
 [ 47]
 [ 53]
 [ 60]
 [ 69]
 [ 80]
 [ 95]
 [112]
 [135]
 [ 19]
 [ 21]
 [ 23]
 [ 26]
 [ 28]
 [ 30]
 [ 33]
 [ 37]
 [ 42]
 [ 48]
 [ 55]
 [ 63]
 [ 75]
 [ 89]
 [107]
 [130]
 [ 16]
 [ 18]
 [ 19]
 [ 21]
 [ 23]
 [ 25]
 [ 28]
 [ 32]
 [ 36]
 [ 42]
 [ 49]
 [ 58]
 [ 69]
 [ 84]
 [102]
 [125]
 [ 14]
 [ 16]
 [ 17]
 [ 19]
 [ 20]
 [ 23]
 [ 26]
 [ 29]
 [ 34]
 [ 40]
 [ 47]
 [ 55]
 [ 67]
 [ 82]
 [ 99]
 [122]
 [ 22]
 [ 24]
 [ 27]
 [ 30]
 [ 33]
 [ 35]
 [ 39]
 [ 42]
 [ 47]
 [ 53]
 [ 60]
 [ 69]
 [ 80]
 [ 95]
 [ 16]
 [ 18]
 [ 20]
 [ 21]
 [ 23]
 [ 26]
 [ 29]
 [ 32]
 [ 36]
 [ 43]
 [ 50]
 [ 58]
 [ 70]
 [ 84]
 [102]
 [125]]