[[5.1839786 ]
 [5.78306543]
 [6.10945426]
 [5.46177816]
 [5.72474852]
 [5.72474852]
 [5.72474852]
 [5.62760416]
 [5.72474852]
 [5.74004371]
 [5.47995673]
 [4.80196111]
 [5.47995673]
 [5.76995159]
 [5.89773599]
 [6.19658977]
 [4.89812847]
 [6.12249433]
 [5.65691404]
 [5.81318688]
 [6.2991434 ]
 [6.2991434 ]
 [4.93833461]
 [6.57371053]
 [6.27339886]
 [5.05524552]
 [5.19135272]
 [5.46162449]
 [5.92916198]
 [4.89673323]
 [5.80978773]
 [5.46298126]
 [4.89673323]
 [5.44185376]
 [6.46266452]
 [5.95962706]
 [5.1972865 ]
 [6.46266452]
 [5.43881384]
 [6.11258479]
 [5.03778317]
 [5.46189967]
 [6.28047623]
 [4.9828292 ]
 [5.2914107 ]
 [5.52719935]
 [5.09752811]
 [5.52719935]
 [5.77661302]
 [5.75201473]
 [5.75201473]
 [5.12091557]
 [5.22098497]
 [5.21277699]
 [5.83204024]
 [5.59380225]
 [4.99750414]
 [5.46089819]
 [5.79997471]
 [5.79997471]
 [5.02622633]
 [5.86129722]
 [5.54454844]
 [5.42181642]
 [6.14095567]
 [5.41615144]
 [5.41615144]
 [6.51555385]
 [4.94733152]
 [6.08970175]
 [6.30642299]
 [5.6679836 ]
 [5.61965667]
 [5.09819444]
 [5.84872983]
 [4.90402348]
 [6.28589421]
 [5.03293466]
 [4.90402348]
 [6.04641601]
 [5.39076238]
 [5.39076238]
 [5.78585169]
 [5.31086809]
 [5.66521819]
 [5.99911872]
 [6.26668899]
 [6.27832267]
 [5.0455086 ]
 [5.0455086 ]
 [5.71338291]
 [5.61952359]
 [6.10513477]
 [5.24409168]
 [5.61952359]
 [4.96830336]
 [4.96830336]
 [6.1570429 ]
 [5.9775958 ]
 [5.65560487]
 [6.06764433]
 [5.64996614]
 [5.90421706]
 [5.61935283]
 [4.75166527]
 [4.87039663]
 [5.3549631 ]
 [5.84776762]
 [5.3549631 ]
 [4.71967878]
 [4.87039663]
 [6.31394215]
 [5.48727184]
 [5.03805801]
 [5.03761907]
 [4.89376328]
 [5.83816453]
 [6.23510166]
 [4.89376328]
 [4.92651863]
 [5.37933103]
 [5.77517184]
 [6.15571648]
 [5.74811255]
 [5.49797963]
 [5.49797963]
 [5.49797963]
 [5.49797963]
 [4.81428851]
 [4.88704894]
 [4.88704894]
 [4.98942042]
 [5.27111043]
 [5.2512348 ]
 [5.22172829]
 [6.19295094]
 [5.01601467]
 [5.01601467]
 [5.01601467]
 [5.5251184 ]
 [5.5251184 ]
 [5.5251184 ]
 [5.59567583]
 [5.5251184 ]
 [6.36120645]
 [5.53219507]
 [5.5914195 ]
 [5.1758829 ]
 [5.1758829 ]
 [5.63218307]
 [5.33927462]
 [5.73250042]
 [5.19014484]
 [5.19014484]
 [5.24260647]
 [5.02210678]
 [5.05337627]
 [5.53325899]
 [4.95639967]
 [5.82010679]
 [5.80225351]
 [5.28979816]
 [5.82010679]
 [5.0093321 ]
 [5.93966619]
 [5.03968864]
 [5.01192003]
 [5.16000844]
 [5.00819188]
 [5.22950142]
 [4.87204711]
 [5.90010614]
 [4.87204711]
 [4.85728049]
 [5.224091  ]
 [4.89949121]
 [5.2782563 ]
 [5.49647936]
 [5.24948887]
 [5.57266926]
 [5.57266926]
 [5.00607979]
 [4.92956711]
 [4.92956711]
 [4.70395162]
 [4.86718195]
 [5.19417648]
 [5.19417648]
 [5.30432421]
 [4.6385029 ]
 [6.10081512]
 [5.65847637]
 [5.10346611]
 [5.24874699]
 [4.68889148]
 [5.19886881]
 [5.26957387]
 [4.86862561]
 [5.44410111]
 [5.7749149 ]
 [4.79695123]
 [4.79695123]
 [6.00317379]
 [5.12949654]
 [5.54253878]
 [5.91630621]
 [5.98934367]
 [5.38929108]
 [6.40410301]
 [5.38929108]
 [5.81759334]
 [5.49252256]
 [5.98934367]
 [5.3535972 ]
 [5.44350639]
 [5.00459664]
 [5.44350639]
 [6.20105488]
 [5.13332338]
 [4.78728917]
 [5.13332338]
 [4.92199908]
 [5.82959923]
 [5.7156971 ]
 [5.29844239]
 [5.29844239]
 [5.92626936]
 [5.77181374]
 [5.69258646]
 [5.8566695 ]
 [5.33212992]
 [4.99083917]
 [5.51564164]
 [5.22669374]
 [5.88803641]
 [5.88803641]
 [4.77129151]
 [5.73967098]
 [5.22581185]
 [5.31298687]
 [5.85151812]
 [4.93730364]
 [5.30468206]
 [5.86482975]
 [5.32490601]
 [4.94949633]
 [5.30468206]
 [5.20233603]
 [5.15470848]
 [5.83660798]
 [5.85151812]
 [5.86308869]
 [5.83781822]
 [4.62837738]
 [6.27366152]
 [5.62746839]
 [4.92535155]
 [4.62837738]
 [5.70264721]
 [6.07456366]
 [5.23984504]
 [5.19666602]
 [5.43714994]
 [5.46855693]
 [5.15230045]
 [5.15230045]
 [5.34183522]
 [5.75174474]
 [5.34183522]
 [5.07880792]
 [5.52192586]
 [6.33335981]
 [5.82595076]
 [5.31664925]
 [5.74923857]
 [5.95842718]
 [5.74923857]
 [5.9701208 ]
 [5.4971526 ]
 [5.8213583 ]
 [5.10493816]
 [5.8213583 ]
 [5.27714264]
 [5.66306699]
 [5.47737512]
 [5.17322991]
 [5.40008822]
 [5.4573766 ]
 [5.5129599 ]
 [5.34378369]
 [6.17719018]
 [5.5129599 ]
 [5.81749672]
 [4.76659677]
 [5.23638912]
 [5.58164002]
 [4.76659677]
 [5.84815081]
 [5.58092075]
 [5.84815081]
 [5.25852014]
 [5.01506293]
 [4.9744764 ]
 [5.54916317]
 [5.80701515]
 [5.2261774 ]
 [5.53650678]
 [5.80701515]
 [5.68531479]
 [5.78668097]
 [5.10970136]
 [5.38589517]
 [5.52219678]
 [5.03265242]
 [4.82484127]
 [4.83086292]
 [5.17892952]
 [5.38390156]
 [5.5314122 ]
 [5.42093247]
 [5.38390156]
 [4.95505176]
 [5.17892952]
 [5.24468183]
 [5.06262595]
 [5.18717812]
 [5.08586596]
 [5.73943309]
 [5.22794913]
 [5.37879519]
 [5.79170553]
 [5.34521432]
 [5.46998145]
 [4.73439778]
 [5.91163888]
 [5.14023233]
 [5.3012522 ]
 [5.21950008]
 [6.07518871]
 [5.24045519]
 [5.85196595]
 [5.53256356]
 [5.57107217]
 [6.30505927]
 [6.09783634]
 [5.32987636]
 [5.516439  ]
 [5.99743912]
 [5.90613249]
 [6.03923161]
 [5.29037534]
 [5.23971733]
 [5.80131263]
 [5.25280231]
 [5.83003502]
 [5.64717818]
 [5.36814682]
 [5.83003502]
 [4.90692098]
 [4.79527432]
 [4.79527432]
 [4.79527432]
 [5.48255516]
 [5.48255516]
 [5.48255516]
 [5.6590847 ]
 [5.58110028]
 [5.48255516]
 [5.03692562]
 [5.71155538]
 [6.13415866]
 [5.75611161]
 [4.71408281]
 [5.87048259]
 [5.60495671]
 [6.14961842]
 [5.78767743]
 [6.12802014]
 [5.88337946]
 [5.76002605]
 [6.04727529]
 [5.76002605]
 [5.95949204]
 [4.66049312]
 [5.93946491]
 [5.81600199]
 [5.8867068 ]
 [5.57359937]
 [5.89378197]
 [4.91661148]
 [5.84357246]
 [5.79462813]
 [5.62360207]
 [5.13190368]
 [5.38044386]
 [5.56631214]
 [5.62360207]
 [5.22708316]
 [5.50491256]]