[[5.18598723]
 [5.7792751 ]
 [6.1058625 ]
 [5.57288502]
 [5.77875708]
 [5.77875708]
 [5.77875708]
 [5.69453595]
 [5.77875708]
 [5.7412392 ]
 [5.46589191]
 [4.83936607]
 [5.46589191]
 [5.76614685]
 [5.9027174 ]
 [6.20726421]
 [4.92797637]
 [6.21738517]
 [5.65964833]
 [5.87452833]
 [6.3652417 ]
 [6.3652417 ]
 [5.04452197]
 [6.5581765 ]
 [6.25895233]
 [5.1005378 ]
 [5.25048458]
 [5.45929115]
 [5.93511316]
 [4.93877523]
 [5.82644695]
 [5.60798493]
 [4.93877523]
 [5.50224698]
 [6.44809902]
 [5.98470326]
 [5.17949163]
 [6.44809902]
 [5.450702  ]
 [6.09867318]
 [5.11502143]
 [5.5357325 ]
 [6.32019964]
 [5.0238918 ]
 [5.5026971 ]
 [5.55546581]
 [5.12299199]
 [5.55546581]
 [5.80264055]
 [5.78207867]
 [5.78207867]
 [5.17689433]
 [5.2110274 ]
 [5.2066892 ]
 [5.85819061]
 [5.64329578]
 [5.08702756]
 [5.46354915]
 [5.81595316]
 [5.81595316]
 [5.0658704 ]
 [5.85916698]
 [5.63211013]
 [5.43822929]
 [6.20030621]
 [5.45091717]
 [5.45091717]
 [6.50919596]
 [4.98304529]
 [6.12993239]
 [6.32829511]
 [5.70388264]
 [5.66571685]
 [5.16024881]
 [5.8764846 ]
 [4.94242612]
 [6.2620113 ]
 [5.02522242]
 [4.94242612]
 [6.05462286]
 [5.44599013]
 [5.44599013]
 [5.78439299]
 [5.34717318]
 [5.69292115]
 [6.06731423]
 [6.27137755]
 [6.2786384 ]
 [5.1316155 ]
 [5.1316155 ]
 [5.70759859]
 [5.67014326]
 [6.10676242]
 [5.24077804]
 [5.67014326]
 [5.11124174]
 [5.11124174]
 [6.16479368]
 [5.96543629]
 [5.65522297]
 [6.06631886]
 [5.66920783]
 [5.89461458]
 [5.68025707]
 [4.8029179 ]
 [4.94077345]
 [5.42163559]
 [5.8546932 ]
 [5.42163559]
 [4.78869886]
 [4.94077345]
 [6.30882466]
 [5.52447771]
 [5.07385669]
 [5.09057951]
 [4.94874338]
 [5.85349866]
 [6.28392707]
 [4.94874338]
 [4.97717177]
 [5.42391154]
 [5.78762745]
 [6.13615677]
 [5.79138906]
 [5.52138924]
 [5.52138924]
 [5.52138924]
 [5.52138924]
 [4.84102315]
 [4.94133567]
 [4.94133567]
 [5.07691616]
 [5.28266576]
 [5.28749985]
 [5.21240094]
 [6.21909046]
 [5.02186921]
 [5.02186921]
 [5.02186921]
 [5.54469345]
 [5.54469345]
 [5.54469345]
 [5.61363134]
 [5.54469345]
 [6.34092497]
 [5.55147453]
 [5.57777772]
 [5.17084747]
 [5.17084747]
 [5.67666024]
 [5.43369696]
 [5.75296201]
 [5.21069219]
 [5.21069219]
 [5.25866115]
 [5.03674276]
 [5.06482277]
 [5.58494162]
 [5.13144952]
 [5.84718386]
 [5.84873578]
 [5.31362654]
 [5.84718386]
 [5.02561192]
 [5.94945333]
 [5.07104074]
 [5.03554301]
 [5.22242617]
 [5.03786707]
 [5.22836243]
 [4.90037018]
 [5.88782544]
 [4.90037018]
 [4.9671586 ]
 [5.23913942]
 [4.9620284 ]
 [5.31054297]
 [5.52232289]
 [5.26665904]
 [5.60604028]
 [5.60604028]
 [5.01994556]
 [5.02762251]
 [5.02762251]
 [4.76070114]
 [4.97686671]
 [5.20162729]
 [5.20162729]
 [5.30414954]
 [4.77599263]
 [6.10428754]
 [5.68404323]
 [5.10120253]
 [5.27473024]
 [4.75946675]
 [5.19591645]
 [5.26889533]
 [4.94231218]
 [5.45672311]
 [5.7820507 ]
 [4.97585632]
 [4.97585632]
 [5.99126247]
 [5.12244237]
 [5.57240177]
 [5.93933395]
 [5.96805106]
 [5.4616556 ]
 [6.47699321]
 [5.4616556 ]
 [5.80643176]
 [5.47650638]
 [5.96805106]
 [5.40295742]
 [5.42127698]
 [5.00008543]
 [5.42127698]
 [6.22408728]
 [5.11611309]
 [4.95027319]
 [5.11611309]
 [4.97298479]
 [5.89916895]
 [5.72617344]
 [5.30819502]
 [5.30819502]
 [5.957452  ]
 [5.75708301]
 [5.74865903]
 [5.93976133]
 [5.36302611]
 [5.01126703]
 [5.50218153]
 [5.23328479]
 [6.06744004]
 [6.06744004]
 [4.87167992]
 [5.77144255]
 [5.22762547]
 [5.39887871]
 [5.86131649]
 [5.00682857]
 [5.32157697]
 [5.85293447]
 [5.41052889]
 [5.01859376]
 [5.32157697]
 [5.25128757]
 [5.23099984]
 [5.84730016]
 [5.86131649]
 [5.84147456]
 [5.90152243]
 [4.71144916]
 [6.26089388]
 [5.6104978 ]
 [5.03133787]
 [4.71144916]
 [5.68674686]
 [6.07030272]
 [5.30754791]
 [5.19289894]
 [5.45498774]
 [5.4994623 ]
 [5.21625999]
 [5.21625999]
 [5.40795827]
 [5.76312377]
 [5.40795827]
 [5.11392433]
 [5.53644958]
 [6.31856435]
 [5.8806026 ]
 [5.33526524]
 [5.88706527]
 [5.96415121]
 [5.88706527]
 [5.97553037]
 [5.46281255]
 [5.82122614]
 [5.10096415]
 [5.82122614]
 [5.27324291]
 [5.65963873]
 [5.46692656]
 [5.18210144]
 [5.40406194]
 [5.44175761]
 [5.49871705]
 [5.33097327]
 [6.15495992]
 [5.49871705]
 [5.79827977]
 [4.93906606]
 [5.24836949]
 [5.59331941]
 [4.93906606]
 [5.8385664 ]
 [5.57512704]
 [5.8385664 ]
 [5.24272596]
 [5.0633771 ]
 [4.99538753]
 [5.53793351]
 [5.79442295]
 [5.22246925]
 [5.53374083]
 [5.79442295]
 [5.69231892]
 [5.76589263]
 [5.16268081]
 [5.39438972]
 [5.51406366]
 [5.05414587]
 [4.85353061]
 [4.85951715]
 [5.21191125]
 [5.44154603]
 [5.51254436]
 [5.42951666]
 [5.44154603]
 [4.96408569]
 [5.21191125]
 [5.29737277]
 [5.10121061]
 [5.21913625]
 [5.12745314]
 [5.74149313]
 [5.26316842]
 [5.45361225]
 [5.77153247]
 [5.35524314]
 [5.47710308]
 [4.83758105]
 [5.91663052]
 [5.17678903]
 [5.34788965]
 [5.23407998]
 [6.07460788]
 [5.31224949]
 [5.85988082]
 [5.56423983]
 [5.60972896]
 [6.31003784]
 [6.09010311]
 [5.3396051 ]
 [5.52238958]
 [5.99441201]
 [5.96904925]
 [6.04032024]
 [5.29789268]
 [5.24766667]
 [5.86343035]
 [5.26518216]
 [5.82928325]
 [5.65116973]
 [5.37837201]
 [5.82928325]
 [5.14555498]
 [4.95297454]
 [4.95297454]
 [4.95297454]
 [5.49328638]
 [5.49328638]
 [5.49328638]
 [5.70858461]
 [5.62130128]
 [5.49328638]
 [5.09156581]
 [5.72631887]
 [6.14792961]
 [5.7591217 ]
 [4.83830512]
 [5.88633692]
 [5.63482754]
 [6.14566791]
 [5.80246515]
 [6.12932487]
 [5.8905898 ]
 [5.77179856]
 [6.0417075 ]
 [5.77179856]
 [5.96074468]
 [4.76389783]
 [5.95667978]
 [5.85873387]
 [5.95856604]
 [5.57484134]
 [5.98080889]
 [4.99675845]
 [5.86645822]
 [5.7929816 ]
 [5.66742911]
 [5.17856452]
 [5.43294269]
 [5.6313377 ]
 [5.66742911]
 [5.2815002 ]
 [5.53191166]]