[[5.47641525]
 [6.04270697]
 [6.38423102]
 [5.80528001]
 [5.98008086]
 [5.98008086]
 [5.98008086]
 [5.91086277]
 [5.98008086]
 [5.90254843]
 [5.63436357]
 [4.85055504]
 [5.63436357]
 [6.13424563]
 [6.3633071 ]
 [6.69188987]
 [4.55749029]
 [6.75727506]
 [5.72292222]
 [6.09684202]
 [6.485321  ]
 [6.485321  ]
 [5.07448396]
 [6.78996064]
 [6.72790493]
 [4.89672462]
 [5.67288869]
 [5.66420391]
 [5.3112011 ]
 [4.76877443]
 [5.58605795]
 [6.19420584]
 [4.76877443]
 [5.69399108]
 [6.57685362]
 [5.48961918]
 [5.36458066]
 [6.57685362]
 [5.6417991 ]
 [6.20174541]
 [5.6681899 ]
 [5.69695795]
 [6.31303773]
 [4.64240274]
 [6.71238759]
 [5.59976085]
 [5.0115231 ]
 [5.59976085]
 [6.12591941]
 [6.20053995]
 [6.20053995]
 [5.2756771 ]
 [5.3936562 ]
 [5.4695194 ]
 [6.11784965]
 [5.80089547]
 [6.20622679]
 [5.07659621]
 [5.83242476]
 [5.83242476]
 [5.06866348]
 [6.08782141]
 [6.01979086]
 [5.6333577 ]
 [6.36600988]
 [5.49756858]
 [5.49756858]
 [6.96139901]
 [4.97973342]
 [5.75173127]
 [6.09495662]
 [5.58861523]
 [5.80245048]
 [6.18127218]
 [5.96882244]
 [4.59723325]
 [6.60579517]
 [5.26054066]
 [4.59723325]
 [6.41894233]
 [5.63155562]
 [5.63155562]
 [5.87010068]
 [5.13902519]
 [5.79027278]
 [6.28088649]
 [6.43906974]
 [6.56997459]
 [4.82176331]
 [4.82176331]
 [5.93200162]
 [5.67741052]
 [6.11513641]
 [5.48856967]
 [5.67741052]
 [6.29039695]
 [6.29039695]
 [6.27147581]
 [6.06176601]
 [5.9175465 ]
 [6.04105587]
 [5.49094362]
 [6.17128731]
 [5.6966589 ]
 [4.6803896 ]
 [4.71925157]
 [5.18316091]
 [5.9742771 ]
 [5.18316091]
 [4.87239604]
 [4.71925157]
 [6.30072992]
 [5.43831899]
 [4.89144349]
 [4.97792379]
 [4.60341615]
 [5.53842019]
 [6.1828655 ]
 [4.60341615]
 [4.92313705]
 [5.07546747]
 [5.45423885]
 [6.39944838]
 [5.82025788]
 [5.66081346]
 [5.66081346]
 [5.66081346]
 [5.66081346]
 [4.75529287]
 [4.59127713]
 [4.59127713]
 [5.29241665]
 [5.27360391]
 [5.17637831]
 [5.43791236]
 [6.20563496]
 [5.1913034 ]
 [5.1913034 ]
 [5.1913034 ]
 [5.58107039]
 [5.58107039]
 [5.58107039]
 [5.82060321]
 [5.58107039]
 [6.70056671]
 [5.62522609]
 [5.67973243]
 [5.40897271]
 [5.40897271]
 [5.78316596]
 [5.59892493]
 [5.4186549 ]
 [4.99245959]
 [4.99245959]
 [5.14395466]
 [4.76978525]
 [4.80769265]
 [5.55188177]
 [5.95250372]
 [5.99450817]
 [5.80616526]
 [5.13426486]
 [5.99450817]
 [4.76001609]
 [5.7956299 ]
 [4.9220024 ]
 [4.82064138]
 [4.76315247]
 [4.76425576]
 [5.44737737]
 [4.69228462]
 [6.11767539]
 [4.69228462]
 [5.04455707]
 [5.4031182 ]
 [4.58519106]
 [5.20179585]
 [5.18586979]
 [5.264995  ]
 [5.5100023 ]
 [5.5100023 ]
 [4.82943667]
 [4.80078253]
 [4.80078253]
 [4.48890895]
 [5.09873781]
 [5.24417286]
 [5.24417286]
 [5.02705766]
 [4.80864996]
 [6.04129955]
 [5.48182534]
 [5.31663586]
 [5.16867991]
 [4.72638889]
 [5.50065982]
 [5.60719198]
 [4.62561915]
 [5.5348653 ]
 [5.8251931 ]
 [5.06003399]
 [5.06003399]
 [5.93387541]
 [5.35085042]
 [5.40143796]
 [6.15164144]
 [6.11353921]
 [6.48871718]
 [7.10135738]
 [6.48871718]
 [5.85198645]
 [5.55060772]
 [6.11353921]
 [5.07798583]
 [5.7831757 ]
 [5.09140564]
 [5.7831757 ]
 [6.45926805]
 [5.16453745]
 [4.94872351]
 [5.16453745]
 [5.01870733]
 [6.76768046]
 [5.75271062]
 [5.43298524]
 [5.43298524]
 [5.87500651]
 [5.73252841]
 [5.85891034]
 [6.38570815]
 [5.32350473]
 [4.67473294]
 [5.62847072]
 [5.26379734]
 [7.38394787]
 [7.38394787]
 [4.84552449]
 [5.70940485]
 [5.46371851]
 [5.24000964]
 [6.03511882]
 [4.67456978]
 [5.60519852]
 [5.83423741]
 [5.24961704]
 [4.68325464]
 [5.60519852]
 [5.48069714]
 [6.30115735]
 [6.00691392]
 [6.03511882]
 [6.05392136]
 [6.65477524]
 [4.63113826]
 [6.56463382]
 [5.72443957]
 [5.18696891]
 [4.63113826]
 [5.84474755]
 [6.29692282]
 [5.60582866]
 [5.32463442]
 [5.49913097]
 [5.39009062]
 [5.81225249]
 [5.81225249]
 [5.76549107]
 [5.97535961]
 [5.76549107]
 [5.10867173]
 [5.73389785]
 [6.4049603 ]
 [6.0674073 ]
 [5.12247035]
 [7.05809535]
 [5.32839021]
 [7.05809535]
 [5.33816682]
 [5.60097027]
 [5.99772566]
 [5.20330159]
 [5.99772566]
 [5.53787893]
 [5.93487245]
 [5.6494116 ]
 [5.15505714]
 [5.43249766]
 [5.55473365]
 [5.57031413]
 [5.49781444]
 [6.27307828]
 [5.57031413]
 [5.79207967]
 [5.05399378]
 [5.4043208 ]
 [5.76361144]
 [5.05399378]
 [5.95112385]
 [5.72898681]
 [5.95112385]
 [5.46766172]
 [4.99095789]
 [4.78688584]
 [5.66431939]
 [6.01737402]
 [5.41657507]
 [5.67986153]
 [6.01737402]
 [6.04662166]
 [5.8751716 ]
 [5.37319936]
 [5.84781309]
 [5.71265454]
 [4.77237849]
 [4.61056097]
 [4.61589283]
 [5.14943627]
 [5.95913139]
 [5.5903711 ]
 [5.553438  ]
 [5.95913139]
 [5.02922805]
 [5.14943627]
 [5.41852182]
 [5.13305017]
 [5.38247186]
 [5.2206106 ]
 [5.96501333]
 [5.22535418]
 [6.77307409]
 [5.88721854]
 [5.38481464]
 [5.98438476]
 [4.91279625]
 [5.92623884]
 [5.21417265]
 [5.45382715]
 [5.51866125]
 [6.17065417]
 [5.72201476]
 [5.74589518]
 [5.52724329]
 [6.35962766]
 [6.8239121 ]
 [6.40687608]
 [5.5416888 ]
 [5.82721379]
 [5.97662924]
 [6.10032764]
 [6.3661621 ]
 [5.64345605]
 [5.64475483]
 [6.18775039]
 [5.64535854]
 [6.02009784]
 [5.87870805]
 [5.55220011]
 [6.02009784]
 [6.51670802]
 [4.92818793]
 [4.92818793]
 [4.92818793]
 [5.71483827]
 [5.71483827]
 [5.71483827]
 [6.03948046]
 [5.65286778]
 [5.71483827]
 [5.42248946]
 [5.67850985]
 [6.28758534]
 [5.92393838]
 [4.86054295]
 [5.59201442]
 [5.32530476]
 [6.37034797]
 [6.06711522]
 [6.16015642]
 [6.10225376]
 [6.29717676]
 [6.01720691]
 [6.29717676]
 [5.9588365 ]
 [4.69387898]
 [6.4652073 ]
 [5.90167249]
 [6.30047201]
 [5.80465429]
 [5.75905088]
 [5.00272028]
 [6.44906235]
 [5.88113373]
 [6.33060336]
 [5.92380634]
 [6.18840832]
 [6.66499538]
 [6.33060336]
 [6.04803007]
 [5.51423967]]