[[5.30964454]
 [5.83812184]
 [6.23247681]
 [5.41636081]
 [5.39645724]
 [5.39645724]
 [5.39645724]
 [5.53644366]
 [5.39645724]
 [5.52550309]
 [5.51515573]
 [4.56459559]
 [5.51515573]
 [6.033145  ]
 [6.16168512]
 [6.15306925]
 [5.10264821]
 [5.68539004]
 [5.72945927]
 [5.59356019]
 [6.29732448]
 [6.29732448]
 [4.89403889]
 [6.78658244]
 [6.75206402]
 [5.20430043]
 [4.9718024 ]
 [5.66912462]
 [5.49966621]
 [4.83735114]
 [5.5672914 ]
 [5.23541162]
 [4.83735114]
 [5.5690697 ]
 [6.39821506]
 [6.23182693]
 [5.33874597]
 [6.39821506]
 [5.4400437 ]
 [5.98556476]
 [4.75802376]
 [5.33204629]
 [6.12446861]
 [5.28397399]
 [5.41559344]
 [5.36495146]
 [4.94117324]
 [5.36495146]
 [5.49074492]
 [5.49529023]
 [5.49529023]
 [4.88922514]
 [5.33503734]
 [5.41529836]
 [5.6155293 ]
 [5.1713602 ]
 [4.88772085]
 [5.36715481]
 [5.54898913]
 [5.54898913]
 [4.94290052]
 [5.64796072]
 [5.38020817]
 [5.41651652]
 [5.81262424]
 [5.24471809]
 [5.24471809]
 [6.75060076]
 [4.70581633]
 [5.64750123]
 [5.65390775]
 [5.34273496]
 [5.17529346]
 [5.0995469 ]
 [5.63597446]
 [5.09414184]
 [6.21488732]
 [5.1170178 ]
 [5.09414184]
 [6.20378449]
 [5.0541615 ]
 [5.0541615 ]
 [5.84034917]
 [5.32012076]
 [5.39327812]
 [6.02159619]
 [5.98696564]
 [6.22798962]
 [5.3218276 ]
 [5.3218276 ]
 [5.80993455]
 [5.35671236]
 [5.781807  ]
 [5.38826818]
 [5.35671236]
 [4.87560233]
 [4.87560233]
 [5.93235401]
 [5.85154098]
 [5.73337202]
 [5.66727707]
 [5.31997028]
 [6.11507484]
 [5.33788497]
 [4.72629367]
 [4.90232614]
 [5.53233481]
 [5.60659178]
 [5.53233481]
 [4.53803494]
 [4.90232614]
 [6.05997642]
 [5.3869888 ]
 [4.88588121]
 [4.86667514]
 [5.06175832]
 [5.38649967]
 [6.22906834]
 [5.06175832]
 [5.01184806]
 [5.69977706]
 [5.29828915]
 [6.30666783]
 [5.57199799]
 [5.22162329]
 [5.22162329]
 [5.22162329]
 [5.22162329]
 [4.66936601]
 [5.0491657 ]
 [5.0491657 ]
 [4.85343496]
 [5.38911825]
 [5.27749183]
 [5.32541624]
 [5.80098987]
 [4.82147008]
 [4.82147008]
 [4.82147008]
 [5.39292735]
 [5.39292735]
 [5.39292735]
 [5.4352722 ]
 [5.39292735]
 [6.70878325]
 [5.51966768]
 [5.58050191]
 [5.29600155]
 [5.29600155]
 [5.32776974]
 [5.19237864]
 [5.53729819]
 [5.09530054]
 [5.09530054]
 [5.22815624]
 [4.86618105]
 [4.91725835]
 [5.2402704 ]
 [4.90528963]
 [6.19471808]
 [5.80590073]
 [5.25221745]
 [6.19471808]
 [5.08341268]
 [5.74140854]
 [4.9908552 ]
 [4.9243781 ]
 [5.51071145]
 [5.06299063]
 [5.2390623 ]
 [5.04757649]
 [5.98106649]
 [5.04757649]
 [4.81275934]
 [5.04813633]
 [5.21783471]
 [5.31234841]
 [5.1384301 ]
 [5.16396374]
 [5.45773738]
 [5.45773738]
 [5.01087522]
 [5.16069832]
 [5.16069832]
 [4.763374  ]
 [4.80555172]
 [5.22311643]
 [5.22311643]
 [5.20922776]
 [4.69037983]
 [5.71600074]
 [5.6478321 ]
 [5.24566953]
 [5.09450064]
 [4.56096409]
 [5.44137109]
 [5.50186473]
 [5.18608246]
 [5.30789718]
 [5.71119866]
 [5.35646654]
 [5.35646654]
 [6.01046267]
 [5.2933165 ]
 [5.41759413]
 [5.70095319]
 [6.06647086]
 [5.16497645]
 [6.04806282]
 [5.16497645]
 [5.84149   ]
 [5.47263904]
 [6.06647086]
 [5.69357928]
 [5.80461324]
 [5.0183653 ]
 [5.80461324]
 [5.88157901]
 [5.31324699]
 [5.24497015]
 [5.31324699]
 [4.7247333 ]
 [5.54114816]
 [5.46461048]
 [5.40374573]
 [5.40374573]
 [5.57465861]
 [5.81026725]
 [5.36859132]
 [5.46417448]
 [5.11247037]
 [5.04467457]
 [5.47538494]
 [5.06083835]
 [6.16826931]
 [6.16826931]
 [5.02648352]
 [5.53654119]
 [5.25092602]
 [5.18786771]
 [5.67358012]
 [5.17198485]
 [5.13176341]
 [5.8362141 ]
 [5.19703587]
 [5.18015915]
 [5.13176341]
 [4.95279154]
 [5.02653804]
 [5.65057068]
 [5.67358012]
 [5.93322735]
 [5.49061119]
 [4.67356769]
 [6.66733001]
 [5.61314889]
 [4.69191377]
 [4.67356769]
 [5.82646759]
 [6.18299513]
 [4.89359038]
 [5.2326129 ]
 [5.25149689]
 [5.27511065]
 [4.85802903]
 [4.85802903]
 [5.00309169]
 [5.48154379]
 [5.00309169]
 [4.89143835]
 [5.78330155]
 [6.24166399]
 [5.53248172]
 [5.02292142]
 [5.91893522]
 [5.58118779]
 [5.91893522]
 [5.58943004]
 [5.52291215]
 [5.86873279]
 [5.11592963]
 [5.86873279]
 [5.32729574]
 [5.81549297]
 [5.51964859]
 [5.14262126]
 [5.34650635]
 [5.41515713]
 [5.48399935]
 [5.3491828 ]
 [6.16543834]
 [5.48399935]
 [5.76545242]
 [5.65496533]
 [5.04759064]
 [5.41812334]
 [5.65496533]
 [5.86678087]
 [5.61157027]
 [5.86678087]
 [5.37865766]
 [4.94777008]
 [4.90053182]
 [5.55082077]
 [5.85830199]
 [5.31477158]
 [5.60142679]
 [5.85830199]
 [5.57573757]
 [5.88429476]
 [4.77997216]
 [5.31153419]
 [5.49158399]
 [4.85092271]
 [4.79678647]
 [4.80118117]
 [4.8546168 ]
 [5.08889832]
 [5.61092749]
 [5.24541616]
 [5.08889832]
 [4.9250753 ]
 [4.8546168 ]
 [4.92896681]
 [4.73592425]
 [4.95623211]
 [4.88789253]
 [5.60177022]
 [5.04108051]
 [5.37318502]
 [5.75497214]
 [5.1378078 ]
 [5.48532618]
 [4.69311791]
 [5.6663376 ]
 [5.0077785 ]
 [4.93249503]
 [4.91482744]
 [5.78813832]
 [4.91622909]
 [5.61391637]
 [5.27632653]
 [5.42814981]
 [6.62812766]
 [6.16206225]
 [5.13077981]
 [5.38113853]
 [5.74546459]
 [5.92649332]
 [5.93194868]
 [5.2003111 ]
 [5.15910997]
 [5.34980568]
 [5.17275951]
 [5.63802205]
 [5.51317189]
 [5.29102096]
 [5.63802205]
 [5.04798709]
 [5.25169088]
 [5.25169088]
 [5.25169088]
 [5.45914708]
 [5.45914708]
 [5.45914708]
 [5.30607186]
 [5.18997824]
 [5.45914708]
 [4.7795468 ]
 [5.39582687]
 [5.75727803]
 [5.52721252]
 [4.76106934]
 [5.4790416 ]
 [5.52076013]
 [6.12459996]
 [5.69218242]
 [5.85131291]
 [5.81776014]
 [5.53859815]
 [5.95894526]
 [5.53859815]
 [5.68588257]
 [4.60864314]
 [5.70173373]
 [5.48872557]
 [5.46048557]
 [5.29040523]
 [5.66621962]
 [4.83450383]
 [5.60912646]
 [5.45437675]
 [5.38390561]
 [5.04565593]
 [5.15633784]
 [5.35382159]
 [5.38390561]
 [5.01365616]
 [5.18498375]]