[[5.37682627]
 [5.9248965 ]
 [6.28374633]
 [5.91461689]
 [5.85451803]
 [5.85451803]
 [5.85451803]
 [5.96496717]
 [5.85451803]
 [5.72215465]
 [5.52796678]
 [4.82738288]
 [5.52796678]
 [6.12888838]
 [6.27148672]
 [6.5647533 ]
 [4.86619321]
 [6.53890245]
 [5.77963181]
 [6.06839521]
 [6.64164825]
 [6.64164825]
 [5.26788331]
 [6.91866063]
 [6.92853911]
 [5.18132588]
 [5.54165288]
 [5.75723188]
 [5.48225482]
 [4.9344464 ]
 [5.70763323]
 [6.07639006]
 [4.9344464 ]
 [5.8258084 ]
 [6.41106334]
 [5.65281774]
 [5.38913571]
 [6.41106334]
 [5.62620583]
 [6.03357537]
 [5.47296126]
 [5.78008234]
 [6.40573409]
 [4.97892743]
 [6.70128701]
 [5.59763817]
 [5.08599084]
 [5.59763817]
 [5.95778333]
 [5.99579387]
 [5.99579387]
 [5.26276831]
 [5.34650666]
 [5.42376898]
 [6.00579627]
 [5.60272954]
 [5.89711082]
 [5.25912443]
 [5.77230536]
 [5.77230536]
 [5.19562924]
 [5.86381091]
 [6.02607788]
 [5.62840535]
 [6.28762283]
 [5.47284022]
 [5.47284022]
 [6.90493521]
 [4.9757173 ]
 [5.81541749]
 [5.90939428]
 [5.59424581]
 [5.59883538]
 [5.87688715]
 [5.93828715]
 [4.89588246]
 [6.53254732]
 [5.1728537 ]
 [4.89588246]
 [6.38268149]
 [5.51713301]
 [5.51713301]
 [5.87459167]
 [5.35345347]
 [5.69872758]
 [6.41778169]
 [6.3161931 ]
 [6.40966273]
 [5.14419509]
 [5.14419509]
 [5.81188239]
 [5.6875281 ]
 [5.93625151]
 [5.4024628 ]
 [5.6875281 ]
 [5.95658669]
 [5.95658669]
 [6.17443618]
 [5.84563945]
 [5.7390582 ]
 [5.80995881]
 [5.50076436]
 [6.21420439]
 [5.6976494 ]
 [4.83378479]
 [4.97824845]
 [5.52047187]
 [5.86796178]
 [5.52047187]
 [4.86606176]
 [4.97824845]
 [6.16413764]
 [5.52138503]
 [5.0029105 ]
 [5.05707264]
 [4.91391428]
 [5.48996007]
 [6.35134554]
 [4.91391428]
 [5.13829376]
 [5.44405184]
 [5.38654636]
 [6.40555616]
 [5.90410648]
 [5.55032109]
 [5.55032109]
 [5.55032109]
 [5.55032109]
 [4.79574541]
 [4.89938779]
 [4.89938779]
 [5.29405194]
 [5.42368014]
 [5.34787951]
 [5.35098946]
 [6.09254882]
 [5.05996683]
 [5.05996683]
 [5.05996683]
 [5.58798492]
 [5.58798492]
 [5.58798492]
 [5.74178144]
 [5.58798492]
 [6.86841577]
 [5.64881836]
 [5.56551824]
 [5.30871075]
 [5.30871075]
 [5.65875281]
 [5.64202378]
 [5.52779535]
 [5.1247865 ]
 [5.1247865 ]
 [5.20518532]
 [4.81136654]
 [4.86176794]
 [5.5416719 ]
 [5.8619488 ]
 [6.31804579]
 [5.94542349]
 [5.28269944]
 [6.31804579]
 [4.97679017]
 [5.79826446]
 [5.05941529]
 [4.95133059]
 [5.05453429]
 [4.99681331]
 [5.28602909]
 [4.96755603]
 [6.03859645]
 [4.96755603]
 [5.21269941]
 [5.30590554]
 [4.88059629]
 [5.33667312]
 [5.25154051]
 [5.26749097]
 [5.57033642]
 [5.57033642]
 [4.94238251]
 [5.15973888]
 [5.15973888]
 [4.75114265]
 [5.23022724]
 [5.24803531]
 [5.24803531]
 [5.09448917]
 [5.08913066]
 [5.92789981]
 [5.61059679]
 [5.25312676]
 [5.2695104 ]
 [4.80859426]
 [5.51130559]
 [5.56064627]
 [4.93974391]
 [5.48113072]
 [5.76356752]
 [5.46275379]
 [5.46275379]
 [6.02417593]
 [5.34305049]
 [5.52277096]
 [6.07132576]
 [6.14133932]
 [6.06611904]
 [6.84660338]
 [6.06611904]
 [5.82123974]
 [5.47798927]
 [6.14133932]
 [5.45574572]
 [5.9349584 ]
 [5.00719588]
 [5.9349584 ]
 [6.31817462]
 [5.3591998 ]
 [5.3548734 ]
 [5.3591998 ]
 [5.02255191]
 [6.39835035]
 [5.6659695 ]
 [5.49120978]
 [5.49120978]
 [5.88291874]
 [5.82922228]
 [5.78429249]
 [6.20508716]
 [5.35513047]
 [4.91619932]
 [5.51161825]
 [5.16399069]
 [7.25778736]
 [7.25778736]
 [5.18453231]
 [5.69812744]
 [5.33533744]
 [5.43884704]
 [5.9512035 ]
 [4.98507613]
 [5.47400209]
 [5.8375128 ]
 [5.44757232]
 [4.99373444]
 [5.47400209]
 [5.33705756]
 [5.94111041]
 [5.92797733]
 [5.9512035 ]
 [6.00365318]
 [6.28887508]
 [4.86692402]
 [6.83354848]
 [5.59293113]
 [5.20409815]
 [4.86692402]
 [5.90374837]
 [6.21673291]
 [5.4369892 ]
 [5.21460811]
 [5.45583144]
 [5.42054436]
 [5.54192825]
 [5.54192825]
 [5.5988045 ]
 [5.82209861]
 [5.5988045 ]
 [5.11028583]
 [5.90246651]
 [6.26438685]
 [5.97217749]
 [5.14519005]
 [6.96937037]
 [5.51042506]
 [6.96937037]
 [5.51967358]
 [5.60608664]
 [5.9858711 ]
 [5.07497362]
 [5.9858711 ]
 [5.43213086]
 [5.8430128 ]
 [5.5386418 ]
 [5.15730158]
 [5.37680589]
 [5.39580006]
 [5.43983862]
 [5.37033928]
 [6.20902247]
 [5.43983862]
 [5.75889209]
 [5.42762594]
 [5.29745681]
 [5.67650343]
 [5.42762594]
 [5.86859397]
 [5.59292294]
 [5.86859397]
 [5.41457396]
 [5.0937499 ]
 [4.92740939]
 [5.55345129]
 [5.91753885]
 [5.29883734]
 [5.59303494]
 [5.91753885]
 [5.88275054]
 [5.93844486]
 [5.21881491]
 [5.64996708]
 [5.53048384]
 [4.89897587]
 [4.77421133]
 [4.77902124]
 [5.10850217]
 [5.69757833]
 [5.63561839]
 [5.46000476]
 [5.69757833]
 [4.99601743]
 [5.10850217]
 [5.33978669]
 [5.0338075 ]
 [5.26682072]
 [5.14417332]
 [5.82515942]
 [5.29343782]
 [6.3563999 ]
 [5.76839248]
 [5.29661219]
 [5.78581769]
 [5.08594816]
 [5.8272952 ]
 [5.20779458]
 [5.28637568]
 [5.29135041]
 [5.98179729]
 [5.54542197]
 [5.67269207]
 [5.54810872]
 [6.02949612]
 [6.8293932 ]
 [6.2928683 ]
 [5.42017331]
 [5.67232397]
 [5.84271121]
 [6.26444141]
 [6.18873903]
 [5.49348477]
 [5.48526265]
 [5.95364097]
 [5.50117656]
 [5.82801571]
 [5.73410518]
 [5.39866358]
 [5.82801571]
 [6.32930276]
 [5.33695532]
 [5.33695532]
 [5.33695532]
 [5.59887597]
 [5.59887597]
 [5.59887597]
 [5.82681217]
 [5.57512587]
 [5.59887597]
 [5.26569478]
 [5.60777002]
 [6.13423374]
 [5.75763753]
 [5.13756236]
 [5.60611311]
 [5.43454388]
 [6.23130694]
 [6.01620443]
 [5.99698815]
 [5.91645765]
 [5.98412521]
 [5.99792913]
 [5.98412521]
 [5.80542503]
 [4.92202788]
 [6.2203635 ]
 [5.83598802]
 [6.1215219 ]
 [5.59226923]
 [5.95035746]
 [5.0972867 ]
 [6.13553525]
 [5.64481674]
 [6.01133645]
 [5.63852835]
 [5.83853985]
 [6.22756669]
 [6.01133645]
 [5.6917232 ]
 [5.42903803]]