[[5.6626136 ]
 [6.24144419]
 [6.56295011]
 [5.88795416]
 [5.76606293]
 [5.76606293]
 [5.76606293]
 [5.96355108]
 [5.76606293]
 [5.63328566]
 [5.68470313]
 [4.83838466]
 [5.68470313]
 [6.32114762]
 [6.60137997]
 [6.46626384]
 [4.77698145]
 [6.61315145]
 [5.77401921]
 [6.01279442]
 [6.54980804]
 [6.54980804]
 [5.15901019]
 [6.92880084]
 [7.0240142 ]
 [5.07731265]
 [5.44197466]
 [5.76263951]
 [5.33247714]
 [4.87083379]
 [5.58867504]
 [6.20566865]
 [4.87083379]
 [5.7657941 ]
 [6.6146501 ]
 [5.62508446]
 [5.44643976]
 [6.6146501 ]
 [5.57807612]
 [6.13907763]
 [5.54677631]
 [5.7699367 ]
 [6.30597611]
 [4.91482358]
 [6.57322603]
 [5.53096662]
 [5.05686737]
 [5.53096662]
 [5.81728592]
 [5.88120634]
 [5.88120634]
 [5.27978962]
 [5.49260069]
 [5.60054477]
 [5.91466289]
 [5.58190471]
 [5.8833367 ]
 [5.12963001]
 [5.67754842]
 [5.67754842]
 [5.19555463]
 [5.87205688]
 [6.0356216 ]
 [5.57479291]
 [6.23924377]
 [5.41660992]
 [5.41660992]
 [7.04239616]
 [4.99612281]
 [5.6814701 ]
 [5.9398298 ]
 [5.5996509 ]
 [5.56372626]
 [5.79838258]
 [5.85249615]
 [4.79624933]
 [6.90837096]
 [5.43114348]
 [4.79624933]
 [6.70860377]
 [5.52646608]
 [5.52646608]
 [5.90035871]
 [5.2832217 ]
 [5.61658746]
 [6.37896436]
 [6.16812905]
 [6.92317331]
 [5.02235195]
 [5.02235195]
 [6.07526477]
 [5.69313041]
 [5.85653064]
 [5.61077239]
 [5.69313041]
 [6.04077831]
 [6.04077831]
 [6.06710549]
 [5.97630069]
 [6.19248837]
 [5.75637347]
 [5.51188673]
 [6.35968819]
 [5.69585198]
 [4.79690262]
 [4.83218263]
 [5.39987742]
 [5.75366108]
 [5.39987742]
 [4.89674298]
 [4.83218263]
 [6.12205764]
 [5.5275524 ]
 [4.94144161]
 [5.01354332]
 [4.81957056]
 [5.48862089]
 [6.29051863]
 [4.81957056]
 [5.10176166]
 [5.35259522]
 [5.39170297]
 [6.50751205]
 [5.86718037]
 [5.46905129]
 [5.46905129]
 [5.46905129]
 [5.46905129]
 [4.7598102 ]
 [4.80414065]
 [4.80414065]
 [5.33647703]
 [5.39816586]
 [5.30276195]
 [5.61292348]
 [6.00222001]
 [4.99047184]
 [4.99047184]
 [4.99047184]
 [5.51165968]
 [5.51165968]
 [5.51165968]
 [5.65721023]
 [5.51165968]
 [6.95443542]
 [5.61171471]
 [5.79321893]
 [5.52018737]
 [5.52018737]
 [5.59511237]
 [5.68460661]
 [5.47418744]
 [5.06820395]
 [5.06820395]
 [5.22246392]
 [4.80242245]
 [4.86758698]
 [5.5426592 ]
 [5.95129797]
 [6.26502851]
 [5.90577157]
 [5.23713248]
 [6.26502851]
 [4.9003478 ]
 [5.79983442]
 [4.97488608]
 [4.89010597]
 [5.03885308]
 [4.90479145]
 [5.66313796]
 [4.8673676 ]
 [6.23427255]
 [4.8673676 ]
 [5.09638892]
 [5.27995621]
 [4.85618822]
 [5.34516237]
 [5.14215774]
 [5.23767391]
 [5.52425892]
 [5.52425892]
 [4.97036547]
 [5.01492841]
 [5.01492841]
 [4.61580192]
 [5.17509575]
 [5.26582385]
 [5.26582385]
 [5.0739801 ]
 [4.80280321]
 [5.83653678]
 [5.60050192]
 [5.42580691]
 [5.25878248]
 [4.69993292]
 [5.69691829]
 [5.79011956]
 [4.89641149]
 [5.41586338]
 [5.75187013]
 [5.32152377]
 [5.32152377]
 [6.02249446]
 [5.46785665]
 [5.44598093]
 [5.91973593]
 [6.09125514]
 [5.96593665]
 [6.71319581]
 [5.96593665]
 [5.96349391]
 [5.52279698]
 [6.09125514]
 [5.35101643]
 [6.05045045]
 [5.0462815 ]
 [6.05045045]
 [6.14410424]
 [5.3486683 ]
 [5.2032954 ]
 [5.3486683 ]
 [5.04395521]
 [6.31462992]
 [5.57144934]
 [5.47005857]
 [5.47005857]
 [5.86506589]
 [5.82642122]
 [5.78344472]
 [6.23768349]
 [5.33482404]
 [4.80158849]
 [5.78077029]
 [5.10915234]
 [7.1583452 ]
 [7.1583452 ]
 [5.06468003]
 [5.65845458]
 [5.68751128]
 [5.28081564]
 [5.82146866]
 [4.86500399]
 [5.37575299]
 [5.86533874]
 [5.29014173]
 [4.87313304]
 [5.37575299]
 [5.28796872]
 [5.8738354 ]
 [5.79156748]
 [5.82146866]
 [6.10824192]
 [6.21650807]
 [4.72999251]
 [6.83216006]
 [5.73589393]
 [5.16473457]
 [4.72999251]
 [5.92678876]
 [6.36712585]
 [5.5174906 ]
 [5.40497954]
 [5.37808773]
 [5.37366713]
 [5.55138455]
 [5.55138455]
 [5.61128294]
 [5.74068606]
 [5.61128294]
 [5.1554573 ]
 [5.87401275]
 [6.47432125]
 [5.87456357]
 [5.09207172]
 [6.78857533]
 [5.36004427]
 [6.78857533]
 [5.36907021]
 [5.82374091]
 [5.97517518]
 [5.26088143]
 [5.97517518]
 [5.75022859]
 [6.07661371]
 [5.83525327]
 [5.17648025]
 [5.39736075]
 [5.50893566]
 [5.67216163]
 [5.63694863]
 [6.28007947]
 [5.67216163]
 [5.84801955]
 [5.35406801]
 [5.19385218]
 [5.55187227]
 [5.35406801]
 [6.00557086]
 [5.83434413]
 [6.00557086]
 [5.55430532]
 [5.06292714]
 [4.86590432]
 [5.72585789]
 [6.1900466 ]
 [5.52527949]
 [5.76932871]
 [6.1900466 ]
 [5.79645033]
 [5.93779308]
 [5.20571354]
 [5.59425628]
 [5.67305945]
 [4.81067983]
 [4.69348411]
 [4.69829285]
 [5.08503235]
 [5.61405401]
 [5.65944139]
 [5.38097932]
 [5.61405401]
 [4.9929899 ]
 [5.08503235]
 [5.37344354]
 [5.02121238]
 [5.19809441]
 [5.1139346 ]
 [5.75706013]
 [5.28171046]
 [6.24792144]
 [5.8484672 ]
 [5.23392338]
 [5.76853391]
 [4.99507743]
 [5.75474511]
 [5.16345382]
 [5.29439248]
 [5.19939777]
 [5.91386016]
 [5.60720483]
 [5.66286025]
 [5.50475448]
 [5.95423285]
 [6.9669214 ]
 [6.36728921]
 [5.33059046]
 [5.6005233 ]
 [5.81306946]
 [6.23210117]
 [6.13051367]
 [5.44822088]
 [5.42889362]
 [5.9179066 ]
 [5.44439481]
 [5.81462342]
 [5.68036814]
 [5.43421547]
 [5.81462342]
 [6.51389338]
 [5.19028217]
 [5.19028217]
 [5.19028217]
 [5.61313157]
 [5.61313157]
 [5.61313157]
 [5.73630551]
 [5.53536622]
 [5.61313157]
 [5.22910428]
 [5.52919201]
 [5.98283798]
 [5.66539232]
 [4.89214323]
 [5.5548628 ]
 [5.20559979]
 [6.28521544]
 [5.89928734]
 [5.95470839]
 [5.96746893]
 [5.88939546]
 [6.00120116]
 [5.88939546]
 [5.76910815]
 [4.67723375]
 [6.04807934]
 [5.77941372]
 [6.1184069 ]
 [5.4972088 ]
 [5.74924396]
 [4.92092324]
 [6.00240105]
 [5.60907317]
 [5.89295537]
 [5.55821853]
 [5.76720866]
 [6.10513136]
 [5.89295537]
 [5.61663619]
 [5.36640718]]