[[5.23691441]
 [5.78244667]
 [6.13542888]
 [5.70440894]
 [5.55884646]
 [5.55884646]
 [5.55884646]
 [5.64504391]
 [5.55884646]
 [5.5038455 ]
 [5.46021259]
 [4.62396859]
 [5.46021259]
 [5.93912224]
 [6.11263023]
 [6.20368114]
 [4.82858298]
 [6.19804905]
 [5.60280829]
 [5.74010335]
 [6.30218069]
 [6.30218069]
 [5.09701031]
 [6.68937471]
 [6.68664764]
 [5.06450089]
 [5.27771265]
 [5.57259415]
 [5.3921092 ]
 [4.75081892]
 [5.47624897]
 [5.79107136]
 [4.75081892]
 [5.56141438]
 [6.33637324]
 [5.99992899]
 [5.27655391]
 [6.33637324]
 [5.43912178]
 [5.97987475]
 [5.20464036]
 [5.50990929]
 [6.11046494]
 [4.99456127]
 [6.53243885]
 [5.35246223]
 [4.8705872 ]
 [5.35246223]
 [5.61226515]
 [5.66360231]
 [5.66360231]
 [5.03516051]
 [5.25629253]
 [5.31422554]
 [5.70569496]
 [5.38589461]
 [5.45351768]
 [5.17807275]
 [5.55053862]
 [5.55053862]
 [4.92575251]
 [5.68551248]
 [5.69957481]
 [5.41687201]
 [5.98918069]
 [5.2464392 ]
 [5.2464392 ]
 [6.7157128 ]
 [4.75042861]
 [5.64824822]
 [5.72104073]
 [5.3659843 ]
 [5.36948035]
 [5.44611071]
 [5.670463  ]
 [4.86540363]
 [6.3713594 ]
 [5.05070857]
 [4.86540363]
 [6.16064187]
 [5.26395571]
 [5.26395571]
 [5.73747402]
 [5.1742936 ]
 [5.45584734]
 [6.08922857]
 [6.00163747]
 [6.23039662]
 [5.24781578]
 [5.24781578]
 [5.71195704]
 [5.43195514]
 [5.75447409]
 [5.31418495]
 [5.43195514]
 [5.56480946]
 [5.56480946]
 [5.91388918]
 [5.7576929 ]
 [5.65995393]
 [5.65767554]
 [5.27053639]
 [6.0164284 ]
 [5.45792134]
 [4.67626368]
 [4.8970228 ]
 [5.43572886]
 [5.66319366]
 [5.43572886]
 [4.67619547]
 [4.8970228 ]
 [5.9956803 ]
 [5.32063524]
 [4.81621589]
 [4.88981746]
 [4.91101176]
 [5.33007905]
 [6.14249551]
 [4.91101176]
 [4.88829595]
 [5.40898075]
 [5.2374768 ]
 [6.23592783]
 [5.57686844]
 [5.2859779 ]
 [5.2859779 ]
 [5.2859779 ]
 [5.2859779 ]
 [4.60784421]
 [4.90082114]
 [4.90082114]
 [5.09099402]
 [5.26076467]
 [5.17281081]
 [5.24444832]
 [5.84573765]
 [4.83385353]
 [4.83385353]
 [4.83385353]
 [5.3648838 ]
 [5.3648838 ]
 [5.3648838 ]
 [5.46913283]
 [5.3648838 ]
 [6.65826676]
 [5.46676459]
 [5.47817911]
 [5.23439033]
 [5.23439033]
 [5.44278252]
 [5.42380206]
 [5.3781745 ]
 [4.94882353]
 [4.94882353]
 [5.10580261]
 [4.74753669]
 [4.80934367]
 [5.33615851]
 [5.5712474 ]
 [6.04210582]
 [5.73259153]
 [5.11352522]
 [6.04210582]
 [4.84194291]
 [5.67407424]
 [4.89221281]
 [4.78933497]
 [5.19613698]
 [4.89287254]
 [5.18225401]
 [4.79059871]
 [5.88797761]
 [4.79059871]
 [5.05530261]
 [5.07454504]
 [4.98715628]
 [5.19234782]
 [5.0894034 ]
 [5.11527977]
 [5.39509804]
 [5.39509804]
 [4.87274375]
 [5.17186628]
 [5.17186628]
 [4.68607298]
 [5.06989108]
 [5.12749154]
 [5.12749154]
 [5.03860249]
 [5.01571548]
 [5.70719561]
 [5.50336887]
 [5.13107295]
 [5.05301596]
 [4.67070412]
 [5.34281787]
 [5.41325159]
 [5.02522487]
 [5.28574697]
 [5.62301022]
 [5.53573747]
 [5.53573747]
 [5.86533902]
 [5.15846392]
 [5.3331767 ]
 [5.7382512 ]
 [6.0089926 ]
 [5.61902407]
 [6.42953436]
 [5.61902407]
 [5.71076083]
 [5.3900964 ]
 [6.0089926 ]
 [5.39999726]
 [5.7065802 ]
 [4.93256735]
 [5.7065802 ]
 [5.96771203]
 [5.18485612]
 [5.42072065]
 [5.18485612]
 [4.81201623]
 [6.00330806]
 [5.4814696 ]
 [5.29920364]
 [5.29920364]
 [5.59408825]
 [5.68350451]
 [5.53398852]
 [5.87620211]
 [5.09658979]
 [4.83844167]
 [5.35748893]
 [5.00845091]
 [6.89299672]
 [6.89299672]
 [5.0701757 ]
 [5.51982533]
 [5.20959291]
 [5.27952587]
 [5.65664158]
 [5.09320024]
 [5.19475363]
 [5.70347355]
 [5.2882015 ]
 [5.10115526]
 [5.19475363]
 [5.09770329]
 [5.50216106]
 [5.63167917]
 [5.65664158]
 [5.88762039]
 [5.92258951]
 [4.73822097]
 [6.55006167]
 [5.53654411]
 [4.99909018]
 [4.73822097]
 [5.73923274]
 [6.05789031]
 [5.19224977]
 [5.16385609]
 [5.24266902]
 [5.22334129]
 [5.26685263]
 [5.26685263]
 [5.33427382]
 [5.55954421]
 [5.33427382]
 [4.89780236]
 [5.64870981]
 [6.22747136]
 [5.67579581]
 [4.94738551]
 [6.57252007]
 [5.43742836]
 [6.57252007]
 [5.44607081]
 [5.56414959]
 [5.81819698]
 [5.01754091]
 [5.81819698]
 [5.28071608]
 [5.70851518]
 [5.42494137]
 [5.04766209]
 [5.25908075]
 [5.34243428]
 [5.36028212]
 [5.26057476]
 [6.06879503]
 [5.36028212]
 [5.65829223]
 [5.54930733]
 [5.03952086]
 [5.40682114]
 [5.54930733]
 [5.785802  ]
 [5.53647786]
 [5.785802  ]
 [5.31695306]
 [4.93709305]
 [4.75689625]
 [5.47342408]
 [5.78585043]
 [5.22760996]
 [5.5064277 ]
 [5.78585043]
 [5.59445672]
 [5.76907088]
 [4.98659015]
 [5.3786452 ]
 [5.45002391]
 [4.72250152]
 [4.66620446]
 [4.67075614]
 [4.88996599]
 [5.3870436 ]
 [5.49458487]
 [5.25156078]
 [5.3870436 ]
 [4.87068091]
 [4.88996599]
 [5.10633595]
 [4.8164826 ]
 [5.03756652]
 [4.93395324]
 [5.59905261]
 [5.04721808]
 [5.80778686]
 [5.68769455]
 [5.12616755]
 [5.51552154]
 [4.90587194]
 [5.63418991]
 [4.9936007 ]
 [5.08926177]
 [5.01637999]
 [5.79871122]
 [5.26923263]
 [5.56010922]
 [5.26989843]
 [5.64664676]
 [6.62757307]
 [6.12769684]
 [5.15276593]
 [5.42152456]
 [5.68723035]
 [5.96427686]
 [5.92827878]
 [5.26339905]
 [5.23153005]
 [5.69332307]
 [5.23979305]
 [5.66909096]
 [5.51593259]
 [5.2821216 ]
 [5.66909096]
 [5.91077189]
 [5.39765946]
 [5.39765946]
 [5.39765946]
 [5.43447057]
 [5.43447057]
 [5.43447057]
 [5.52697694]
 [5.30326736]
 [5.43447057]
 [5.01732685]
 [5.38793846]
 [5.80568862]
 [5.54439503]
 [5.02891696]
 [5.39596123]
 [5.64868449]
 [6.06221705]
 [5.67694232]
 [5.88108199]
 [5.75609812]
 [5.65231783]
 [5.84796353]
 [5.65231783]
 [5.65742072]
 [4.81746226]
 [5.81733862]
 [5.55784347]
 [5.81967972]
 [5.32445865]
 [5.78315365]
 [5.01528721]
 [5.74513555]
 [5.46711556]
 [5.63385851]
 [5.27664066]
 [5.47527486]
 [5.75973375]
 [5.63385851]
 [5.33023439]
 [5.20242989]]