[[5.31566062]
 [5.8643378 ]
 [6.20400777]
 [5.63860543]
 [5.61218551]
 [5.61218551]
 [5.61218551]
 [5.62062379]
 [5.61218551]
 [5.62796261]
 [5.49326691]
 [4.69601088]
 [5.49326691]
 [5.96464252]
 [6.09038477]
 [6.28033293]
 [5.17766934]
 [6.21572188]
 [5.71140054]
 [5.75662955]
 [6.31343449]
 [6.31343449]
 [5.03506773]
 [6.71036112]
 [6.61998528]
 [5.16817552]
 [5.25638217]
 [5.601402  ]
 [5.73572112]
 [4.84444   ]
 [5.7009001 ]
 [5.8041349 ]
 [4.84444   ]
 [5.52996375]
 [6.40133393]
 [6.65327739]
 [5.2694247 ]
 [6.40133393]
 [5.46507391]
 [6.08309375]
 [5.20710224]
 [5.46567487]
 [6.2146905 ]
 [5.34585865]
 [6.36257674]
 [5.44300548]
 [5.01705726]
 [5.44300548]
 [5.73508224]
 [5.77326099]
 [5.77326099]
 [5.08370925]
 [5.2910507 ]
 [5.32252153]
 [5.79280924]
 [5.46118653]
 [5.43179555]
 [5.56766024]
 [5.69316281]
 [5.69316281]
 [4.97378726]
 [5.82952674]
 [5.664685  ]
 [5.4482872 ]
 [6.01828707]
 [5.34503608]
 [5.34503608]
 [6.67451186]
 [4.81462664]
 [5.8630992 ]
 [5.89941936]
 [5.4798695 ]
 [5.45065969]
 [5.49486668]
 [5.78922966]
 [5.10744402]
 [6.4367891 ]
 [5.14422818]
 [5.10744402]
 [6.22201937]
 [5.31227055]
 [5.31227055]
 [5.79532859]
 [5.35163319]
 [5.57116191]
 [6.05103151]
 [6.17814584]
 [6.41806938]
 [5.31102081]
 [5.31102081]
 [5.807733  ]
 [5.49577355]
 [5.9086812 ]
 [5.36485736]
 [5.49577355]
 [5.53146189]
 [5.53146189]
 [6.05816526]
 [5.85700722]
 [5.80264122]
 [5.83646173]
 [5.45976721]
 [6.07191578]
 [5.50504966]
 [4.76308622]
 [4.92603625]
 [5.47997217]
 [5.80745997]
 [5.47997217]
 [4.73036529]
 [4.92603625]
 [6.17098643]
 [5.4279863 ]
 [4.93021201]
 [4.94838059]
 [5.04238385]
 [5.51068005]
 [6.29966571]
 [5.04238385]
 [4.96615834]
 [5.73900076]
 [5.43494402]
 [6.23158792]
 [5.65056347]
 [5.40815237]
 [5.40815237]
 [5.40815237]
 [5.40815237]
 [4.70431516]
 [5.03182095]
 [5.03182095]
 [5.11866213]
 [5.40649301]
 [5.32030238]
 [5.34245843]
 [6.01955403]
 [4.9475024 ]
 [4.9475024 ]
 [4.9475024 ]
 [5.45627919]
 [5.45627919]
 [5.45627919]
 [5.55342577]
 [5.45627919]
 [6.63193211]
 [5.55100316]
 [5.61422098]
 [5.25970729]
 [5.25970729]
 [5.51656065]
 [5.40316623]
 [5.75619423]
 [5.16314197]
 [5.16314197]
 [5.25961411]
 [5.00992578]
 [5.05323746]
 [5.41061919]
 [5.57870351]
 [6.17288275]
 [5.84990832]
 [5.31636917]
 [6.17288275]
 [5.19698964]
 [5.80527245]
 [5.06368691]
 [5.03336065]
 [5.60596864]
 [5.08274421]
 [5.30757783]
 [5.07777326]
 [6.02485586]
 [5.07777326]
 [5.01753706]
 [5.18154746]
 [5.2409671 ]
 [5.37154591]
 [5.30196887]
 [5.20089799]
 [5.5115256 ]
 [5.5115256 ]
 [5.08976579]
 [5.11268115]
 [5.11268115]
 [4.77782221]
 [5.02820579]
 [5.21665795]
 [5.21665795]
 [5.47806129]
 [4.84580823]
 [5.88382517]
 [5.76379121]
 [5.22081351]
 [5.14752399]
 [4.71591149]
 [5.38804492]
 [5.43562923]
 [5.14785469]
 [5.37423108]
 [5.71604547]
 [5.24358076]
 [5.24358076]
 [6.03510192]
 [5.25750843]
 [5.50054891]
 [5.85677964]
 [6.09894603]
 [5.73621602]
 [6.46205668]
 [5.73621602]
 [5.85019236]
 [5.44346464]
 [6.09894603]
 [5.72642384]
 [5.73006362]
 [4.95048341]
 [5.73006362]
 [6.11482808]
 [5.34808661]
 [5.16995026]
 [5.34808661]
 [4.85033448]
 [6.06648513]
 [5.6188874 ]
 [5.36407611]
 [5.36407611]
 [5.71796281]
 [5.84429669]
 [5.57358705]
 [5.89875074]
 [5.1854968 ]
 [5.10576637]
 [5.54449645]
 [5.10465109]
 [6.73115194]
 [6.73115194]
 [4.9308352 ]
 [5.67419662]
 [5.31751374]
 [5.32362105]
 [5.79422134]
 [5.19208066]
 [5.28766823]
 [5.82050735]
 [5.33349301]
 [5.20182498]
 [5.28766823]
 [5.14980308]
 [5.53620336]
 [5.77247297]
 [5.79422134]
 [5.89560738]
 [6.01837096]
 [4.7028323 ]
 [6.59352877]
 [5.57605743]
 [5.03265009]
 [4.7028323 ]
 [5.73470008]
 [6.1331421 ]
 [5.2618352 ]
 [5.23092215]
 [5.36102847]
 [5.33965713]
 [5.28766201]
 [5.28766201]
 [5.35839423]
 [5.71525763]
 [5.35839423]
 [4.98200473]
 [5.7571555 ]
 [6.31957984]
 [5.73058864]
 [5.14941528]
 [6.41619274]
 [5.82932916]
 [6.41619274]
 [5.83974903]
 [5.6357075 ]
 [5.84929485]
 [5.09957133]
 [5.84929485]
 [5.39237963]
 [5.75997142]
 [5.56746065]
 [5.1560687 ]
 [5.3588536 ]
 [5.38733241]
 [5.49753511]
 [5.40130226]
 [6.13161513]
 [5.49753511]
 [5.78146896]
 [5.44604487]
 [5.14935961]
 [5.51999311]
 [5.44604487]
 [5.8635783 ]
 [5.62218566]
 [5.8635783 ]
 [5.32025239]
 [5.01884571]
 [4.96135745]
 [5.56483824]
 [5.89217151]
 [5.2979917 ]
 [5.59430531]
 [5.89217151]
 [5.71076782]
 [5.81863239]
 [5.02755344]
 [5.49357849]
 [5.50378185]
 [4.94142497]
 [4.85311414]
 [4.85848406]
 [5.00199627]
 [5.44770119]
 [5.57161778]
 [5.37782306]
 [5.44770119]
 [4.92970307]
 [5.00199627]
 [5.17639362]
 [4.88557442]
 [5.12126794]
 [5.00312603]
 [5.70104601]
 [5.11163338]
 [5.91235654]
 [5.72644529]
 [5.24457906]
 [5.61050631]
 [4.82698714]
 [5.77330156]
 [5.07985112]
 [5.14267373]
 [5.19312343]
 [5.94358126]
 [5.29712709]
 [5.72427701]
 [5.36782422]
 [5.83390589]
 [6.50728301]
 [6.15369339]
 [5.28424424]
 [5.52505787]
 [5.81939618]
 [5.92196678]
 [6.04718223]
 [5.33639795]
 [5.31375759]
 [5.76253646]
 [5.3136691 ]
 [5.78701577]
 [5.60574995]
 [5.34900043]
 [5.78701577]
 [5.86527551]
 [5.16331424]
 [5.16331424]
 [5.16331424]
 [5.49626767]
 [5.49626767]
 [5.49626767]
 [5.61629422]
 [5.37454551]
 [5.49626767]
 [5.03394482]
 [5.53636859]
 [6.00900677]
 [5.66240057]
 [4.88870041]
 [5.65063539]
 [5.83756411]
 [6.13043539]
 [5.76478122]
 [6.02575319]
 [5.84916402]
 [5.88417515]
 [5.99186972]
 [5.88417515]
 [5.80538595]
 [4.74881593]
 [6.03017524]
 [5.64634115]
 [5.85998024]
 [5.50728192]
 [5.85938528]
 [5.07319912]
 [5.99583361]
 [5.63421831]
 [5.79653715]
 [5.36291181]
 [5.61197376]
 [5.93595756]
 [5.79653715]
 [5.47012793]
 [5.33999863]]