[[5.19000279]
 [5.77970433]
 [6.0883838 ]
 [6.52038992]
 [6.22086517]
 [6.22086517]
 [6.22086517]
 [6.18932338]
 [6.22086517]
 [5.83004019]
 [5.42778963]
 [5.09370866]
 [5.42778963]
 [5.75513673]
 [6.1701863 ]
 [6.87694242]
 [4.21878998]
 [7.65050932]
 [5.39513389]
 [6.35282808]
 [6.4203658 ]
 [6.4203658 ]
 [5.58973647]
 [6.5274502 ]
 [6.48558928]
 [4.88706584]
 [6.14355119]
 [5.43000212]
 [5.10801772]
 [4.80307194]
 [5.31809344]
 [7.34131395]
 [4.80307194]
 [5.63333685]
 [6.46836833]
 [5.29131926]
 [5.09755944]
 [6.46836833]
 [5.58264029]
 [6.14827763]
 [6.44271105]
 [6.13509386]
 [6.14016096]
 [4.31391099]
 [8.69399343]
 [5.50649942]
 [4.91065052]
 [5.50649942]
 [6.31590933]
 [6.47969187]
 [6.47969187]
 [5.6944682 ]
 [5.09036682]
 [5.17157701]
 [6.21802744]
 [6.15218936]
 [7.28325476]
 [4.81480497]
 [5.72248509]
 [5.72248509]
 [5.15216156]
 [6.23416828]
 [6.70496105]
 [5.58937006]
 [6.63566448]
 [5.46179976]
 [5.46179976]
 [6.98272611]
 [5.18608405]
 [5.9080392 ]
 [6.25861443]
 [5.76106357]
 [6.0928303 ]
 [6.90379969]
 [5.9284831 ]
 [4.37181357]
 [6.39512696]
 [4.90113605]
 [4.37181357]
 [6.08176717]
 [6.05641726]
 [6.05641726]
 [5.63775305]
 [5.06212727]
 [5.80966946]
 [6.39382323]
 [6.41065619]
 [6.3637185 ]
 [4.83724405]
 [4.83724405]
 [5.66034045]
 [5.95358095]
 [5.96152724]
 [5.23522148]
 [5.95358095]
 [7.68095116]
 [7.68095116]
 [6.17846297]
 [5.90673013]
 [5.75129436]
 [5.9511915 ]
 [5.5315573 ]
 [5.67243718]
 [6.04318889]
 [4.83588806]
 [4.90501411]
 [5.26579296]
 [5.9752526 ]
 [5.26579296]
 [5.27761513]
 [4.90501411]
 [6.06735817]
 [5.35243717]
 [4.94380997]
 [5.19962311]
 [4.47812463]
 [5.37062504]
 [5.79107079]
 [4.47812463]
 [4.93586119]
 [4.76095804]
 [5.29041098]
 [6.19269521]
 [5.91189783]
 [5.68928869]
 [5.68928869]
 [5.68928869]
 [5.68928869]
 [4.64240615]
 [4.46933452]
 [4.46933452]
 [5.93447973]
 [4.88806043]
 [4.96220353]
 [5.11134415]
 [6.18334026]
 [5.19488345]
 [5.19488345]
 [5.19488345]
 [5.40879966]
 [5.40879966]
 [5.40879966]
 [5.83734447]
 [5.40879966]
 [6.46112433]
 [5.35486605]
 [5.31925006]
 [5.22422108]
 [5.22422108]
 [5.93995609]
 [6.16605574]
 [4.91405974]
 [4.77755867]
 [4.77755867]
 [4.78572696]
 [4.25919008]
 [4.27168953]
 [5.89026585]
 [7.37032067]
 [5.61504356]
 [5.54234264]
 [4.91773849]
 [5.61504356]
 [4.46395645]
 [5.45527219]
 [4.61200976]
 [4.49117837]
 [4.47772633]
 [4.65937383]
 [5.21164713]
 [4.45941672]
 [5.72277337]
 [4.45941672]
 [5.68781862]
 [5.42930292]
 [4.37219454]
 [4.82973955]
 [5.28981664]
 [5.00288746]
 [5.26161859]
 [5.26161859]
 [4.37252951]
 [4.95574075]
 [4.95574075]
 [4.52937731]
 [5.76106181]
 [4.95033331]
 [4.95033331]
 [4.61787955]
 [5.32038645]
 [5.87240563]
 [4.94638481]
 [4.98152336]
 [5.19628096]
 [5.15295657]
 [5.06271045]
 [5.24434444]
 [4.50338937]
 [5.40981351]
 [5.57110167]
 [5.47002636]
 [5.47002636]
 [5.45916897]
 [4.8399988 ]
 [5.1283646 ]
 [6.12045889]
 [5.88150305]
 [7.36368996]
 [7.72328196]
 [7.36368996]
 [5.42047121]
 [5.29497075]
 [5.88150305]
 [4.73311697]
 [5.30075714]
 [4.84094201]
 [5.30075714]
 [6.54916859]
 [4.69365548]
 [5.32567597]
 [4.69365548]
 [5.30564732]
 [7.58070731]
 [5.66887726]
 [5.1163379 ]
 [5.1163379 ]
 [5.99141817]
 [5.32356352]
 [6.21676356]
 [7.12161172]
 [5.34633909]
 [4.43087136]
 [5.20730168]
 [5.03927349]
 [9.12230661]
 [9.12230661]
 [5.15239817]
 [5.70832103]
 [5.17051291]
 [5.62819177]
 [5.96392649]
 [4.73874773]
 [5.69660304]
 [5.50820966]
 [5.63690757]
 [4.74622848]
 [5.69660304]
 [5.6969253 ]
 [7.22309626]
 [5.91409703]
 [5.96392649]
 [5.80060569]
 [7.39445924]
 [4.9553831 ]
 [6.25866672]
 [5.5332232 ]
 [5.87048662]
 [4.9553831 ]
 [5.57689809]
 [5.94064386]
 [6.238247  ]
 [5.03988806]
 [5.38740107]
 [5.26914278]
 [6.4843118 ]
 [6.4843118 ]
 [6.31883583]
 [6.10377721]
 [6.31883583]
 [5.28975361]
 [5.48277015]
 [6.17831349]
 [6.27680674]
 [4.93661877]
 [8.531287  ]
 [5.04694161]
 [8.531287  ]
 [5.0555013 ]
 [5.28764314]
 [5.84841543]
 [4.88786302]
 [5.84841543]
 [5.2234533 ]
 [5.63253874]
 [5.32344786]
 [4.85019615]
 [5.16778897]
 [5.3544024 ]
 [5.19261586]
 [5.15208392]
 [5.94068445]
 [5.19261586]
 [5.36422606]
 [5.26385022]
 [5.33438526]
 [5.69381586]
 [5.26385022]
 [5.63246508]
 [5.5135966 ]
 [5.63246508]
 [5.28725881]
 [5.20855755]
 [4.64506833]
 [5.32938028]
 [5.70203578]
 [5.14967426]
 [5.35050339]
 [5.70203578]
 [6.16931323]
 [5.5189067 ]
 [5.74496114]
 [6.03429137]
 [5.6745481 ]
 [4.67823414]
 [4.60388486]
 [4.60814724]
 [5.34898569]
 [6.43034584]
 [5.29060495]
 [5.51258661]
 [6.43034584]
 [4.78776021]
 [5.34898569]
 [5.87767844]
 [5.34447539]
 [5.44720989]
 [5.30035912]
 [5.97954607]
 [5.35886535]
 [7.74276429]
 [5.66193141]
 [5.28278574]
 [6.2048704 ]
 [5.41716771]
 [5.73255824]
 [5.17678771]
 [5.7356862 ]
 [5.69767863]
 [6.13656425]
 [6.36892775]
 [5.51007099]
 [5.56111853]
 [6.84801254]
 [6.95814236]
 [6.36782089]
 [5.5652492 ]
 [5.93142996]
 [5.74484698]
 [6.17329608]
 [6.481277  ]
 [5.77705866]
 [5.81073744]
 [6.76695541]
 [5.79178773]
 [6.08771693]
 [5.89893797]
 [5.53795585]
 [6.08771693]
 [8.44121546]
 [5.26072452]
 [5.26072452]
 [5.26072452]
 [5.69531326]
 [5.69531326]
 [5.69531326]
 [6.37602885]
 [5.88904637]
 [5.69531326]
 [5.76841608]
 [5.53544264]
 [6.30345085]
 [5.91138154]
 [5.37999657]
 [5.3699138 ]
 [5.80291735]
 [6.29938233]
 [6.04037842]
 [6.09960766]
 [6.08684565]
 [6.60058363]
 [5.66730695]
 [6.60058363]
 [5.81909048]
 [5.11415566]
 [6.7601882 ]
 [6.05142478]
 [6.90863292]
 [5.89698413]
 [6.17600839]
 [5.63990719]
 [6.79944321]
 [5.89034619]
 [6.80330197]
 [6.39187586]
 [6.787699  ]
 [7.4972942 ]
 [6.80330197]
 [6.65448846]
 [5.56157122]]