[[5.15723478]
 [5.74624976]
 [6.06888676]
 [5.49037096]
 [5.72900334]
 [5.72900334]
 [5.72900334]
 [5.6402224 ]
 [5.72900334]
 [5.69655771]
 [5.44905425]
 [4.79598318]
 [5.44905425]
 [5.74371496]
 [5.87489782]
 [6.16203165]
 [4.85226105]
 [6.13323531]
 [5.63036562]
 [5.82001216]
 [6.3012347 ]
 [6.3012347 ]
 [4.92986897]
 [6.54271768]
 [6.25364953]
 [5.02239955]
 [5.2015112 ]
 [5.43954752]
 [5.84965338]
 [4.87226782]
 [5.78510714]
 [5.49289301]
 [4.87226782]
 [5.44511361]
 [6.42537848]
 [5.89509814]
 [5.17071432]
 [6.42537848]
 [5.41816511]
 [6.07912498]
 [5.04825649]
 [5.47144862]
 [6.26368961]
 [4.93941303]
 [5.37358599]
 [5.50412189]
 [5.08206531]
 [5.50412189]
 [5.75481608]
 [5.73781862]
 [5.73781862]
 [5.12063627]
 [5.19315407]
 [5.18797673]
 [5.80685705]
 [5.59484337]
 [5.01543067]
 [5.41458667]
 [5.76401252]
 [5.76401252]
 [5.02274411]
 [5.81874646]
 [5.56269808]
 [5.39993096]
 [6.14488276]
 [5.40013172]
 [5.40013172]
 [6.49541636]
 [4.94313054]
 [6.03673449]
 [6.28127261]
 [5.65114748]
 [5.61901791]
 [5.11136735]
 [5.8233632 ]
 [4.86531615]
 [6.24720074]
 [4.99948371]
 [4.86531615]
 [6.0237555 ]
 [5.38908705]
 [5.38908705]
 [5.75592822]
 [5.28310903]
 [5.64215544]
 [6.00761592]
 [6.21829785]
 [6.23949073]
 [5.00914394]
 [5.00914394]
 [5.67281611]
 [5.61686016]
 [6.05254741]
 [5.21562151]
 [5.61686016]
 [5.01459525]
 [5.01459525]
 [6.11320932]
 [5.93790712]
 [5.62125741]
 [6.00942804]
 [5.62639753]
 [5.87772655]
 [5.61467943]
 [4.73263239]
 [4.84396217]
 [5.32740292]
 [5.80940331]
 [5.32740292]
 [4.72016168]
 [4.84396217]
 [6.26738348]
 [5.47643987]
 [5.01505253]
 [5.02350002]
 [4.85622189]
 [5.804147  ]
 [6.22823689]
 [4.85622189]
 [4.9088917 ]
 [5.33622426]
 [5.73950076]
 [6.12603558]
 [5.74171304]
 [5.47216771]
 [5.47216771]
 [5.47216771]
 [5.47216771]
 [4.80131604]
 [4.84902092]
 [4.84902092]
 [5.00813319]
 [5.25401952]
 [5.24169098]
 [5.18666003]
 [6.16282696]
 [4.98012866]
 [4.98012866]
 [4.98012866]
 [5.49482877]
 [5.49482877]
 [5.49482877]
 [5.56469457]
 [5.49482877]
 [6.33696616]
 [5.50900033]
 [5.54634048]
 [5.14745382]
 [5.14745382]
 [5.62643518]
 [5.35204792]
 [5.70809687]
 [5.16651936]
 [5.16651936]
 [5.22072153]
 [4.99781463]
 [5.02909561]
 [5.52524517]
 [5.00512742]
 [5.81521277]
 [5.79750127]
 [5.27248312]
 [5.81521277]
 [4.96449722]
 [5.90338638]
 [5.02777606]
 [4.99350547]
 [5.11231993]
 [4.96835914]
 [5.19874878]
 [4.82928533]
 [5.86025389]
 [4.82928533]
 [4.85523738]
 [5.19295415]
 [4.85603486]
 [5.2624276 ]
 [5.45420792]
 [5.22412543]
 [5.55908814]
 [5.55908814]
 [4.99182796]
 [4.90598021]
 [4.90598021]
 [4.67253308]
 [4.8725358 ]
 [5.17220882]
 [5.17220882]
 [5.27862579]
 [4.63384504]
 [6.04919632]
 [5.64149069]
 [5.07315526]
 [5.23403502]
 [4.68198388]
 [5.17546045]
 [5.24421634]
 [4.82866   ]
 [5.41065269]
 [5.7451819 ]
 [4.83384899]
 [4.83384899]
 [5.97103262]
 [5.09935677]
 [5.52836444]
 [5.88545407]
 [5.95821198]
 [5.39741014]
 [6.41308369]
 [5.39741014]
 [5.77628178]
 [5.46041752]
 [5.95821198]
 [5.31176658]
 [5.42708197]
 [4.97919427]
 [5.42708197]
 [6.17005896]
 [5.113847  ]
 [4.80046679]
 [5.113847  ]
 [4.91843598]
 [5.83624564]
 [5.67714907]
 [5.27796164]
 [5.27796164]
 [5.91286564]
 [5.74159678]
 [5.69406506]
 [5.86445758]
 [5.31790319]
 [4.94400224]
 [5.46502132]
 [5.19063433]
 [5.97643014]
 [5.97643014]
 [4.76755548]
 [5.72675176]
 [5.2002254 ]
 [5.28389769]
 [5.81179388]
 [4.90629235]
 [5.27643479]
 [5.82849105]
 [5.29573591]
 [4.91813871]
 [5.27643479]
 [5.20639053]
 [5.16793187]
 [5.79567732]
 [5.81179388]
 [5.83496639]
 [5.84113496]
 [4.61314049]
 [6.25413873]
 [5.59252657]
 [4.91524511]
 [4.61314049]
 [5.6738726 ]
 [6.03732631]
 [5.24342641]
 [5.16486821]
 [5.40587696]
 [5.45367294]
 [5.15801994]
 [5.15801994]
 [5.34597777]
 [5.71569501]
 [5.34597777]
 [5.07434818]
 [5.50930792]
 [6.29054853]
 [5.82841347]
 [5.29260642]
 [5.79369008]
 [5.87916419]
 [5.79369008]
 [5.89061844]
 [5.4686167 ]
 [5.79379192]
 [5.06814759]
 [5.79379192]
 [5.24719003]
 [5.62572502]
 [5.43324982]
 [5.14601689]
 [5.37217831]
 [5.42431918]
 [5.46586371]
 [5.29878027]
 [6.13520647]
 [5.46586371]
 [5.77613454]
 [4.79016139]
 [5.20106755]
 [5.54388035]
 [4.79016139]
 [5.81343307]
 [5.54322523]
 [5.81343307]
 [5.23353054]
 [5.00818041]
 [4.94847702]
 [5.51077611]
 [5.76477555]
 [5.193078  ]
 [5.50347254]
 [5.76477555]
 [5.64879823]
 [5.75395557]
 [5.10882382]
 [5.35252369]
 [5.49644466]
 [4.99804235]
 [4.79674337]
 [4.8027458 ]
 [5.165951  ]
 [5.39028506]
 [5.4992681 ]
 [5.38481499]
 [5.39028506]
 [4.92982825]
 [5.165951  ]
 [5.24158403]
 [5.05784913]
 [5.17152024]
 [5.08001693]
 [5.70287659]
 [5.21887147]
 [5.39618498]
 [5.75684161]
 [5.30820486]
 [5.443545  ]
 [4.72946915]
 [5.86807575]
 [5.12886372]
 [5.30015965]
 [5.19291677]
 [6.0265307 ]
 [5.24533342]
 [5.81648168]
 [5.51853591]
 [5.56385781]
 [6.29235949]
 [6.07199165]
 [5.29312552]
 [5.48081895]
 [5.95002957]
 [5.91178416]
 [6.00303369]
 [5.25899676]
 [5.20764489]
 [5.8032866 ]
 [5.22341964]
 [5.79511386]
 [5.61228192]
 [5.34686678]
 [5.79511386]
 [4.99516369]
 [4.80215987]
 [4.80215987]
 [4.80215987]
 [5.46117969]
 [5.46117969]
 [5.46117969]
 [5.65916451]
 [5.57646299]
 [5.46117969]
 [5.045846  ]
 [5.67562243]
 [6.09136434]
 [5.71498783]
 [4.71067398]
 [5.84038738]
 [5.57604598]
 [6.11925453]
 [5.7532298 ]
 [6.0873729 ]
 [5.85562702]
 [5.72821882]
 [6.01168728]
 [5.72821882]
 [5.91157325]
 [4.64538094]
 [5.91036403]
 [5.80832945]
 [5.88928385]
 [5.52763315]
 [5.85294817]
 [4.92012351]
 [5.81948139]
 [5.74243994]
 [5.61787048]
 [5.13186577]
 [5.38378864]
 [5.57133342]
 [5.61787048]
 [5.23245026]
 [5.48926288]]