[[4.66107595]
 [5.115664  ]
 [5.49038676]
 [6.40465292]
 [6.0468532 ]
 [6.0468532 ]
 [6.0468532 ]
 [6.14137607]
 [6.0468532 ]
 [5.53326213]
 [5.05343496]
 [5.09742619]
 [5.05343496]
 [5.39283082]
 [5.40062507]
 [6.40645379]
 [4.40220694]
 [7.37346197]
 [5.44024353]
 [6.27184623]
 [6.44064435]
 [6.44064435]
 [5.62230727]
 [6.40589622]
 [6.32408492]
 [5.04517801]
 [5.88327579]
 [5.40350646]
 [5.15664512]
 [4.91254614]
 [5.51478377]
 [7.04824733]
 [4.91254614]
 [5.63431865]
 [5.92709188]
 [4.65172428]
 [4.98989003]
 [5.92709188]
 [5.39708913]
 [5.70134881]
 [6.1945809 ]
 [6.1110567 ]
 [6.17153421]
 [4.43977617]
 [7.90863934]
 [5.46144855]
 [5.02583974]
 [5.46144855]
 [5.99893986]
 [6.11531036]
 [6.11531036]
 [5.66845031]
 [4.83447508]
 [4.87320434]
 [5.98595049]
 [5.94926058]
 [6.75072972]
 [4.91661321]
 [5.62821259]
 [5.62821259]
 [5.23317662]
 [5.76357507]
 [6.56567174]
 [5.42307563]
 [6.51328924]
 [5.40642509]
 [5.40642509]
 [6.38371441]
 [5.17971859]
 [5.95427131]
 [6.2443772 ]
 [5.81033491]
 [5.89719316]
 [6.37692179]
 [5.83339633]
 [4.52607931]
 [5.4755638 ]
 [4.50378407]
 [4.52607931]
 [5.43478644]
 [5.94128765]
 [5.94128765]
 [5.5642265 ]
 [5.22819007]
 [5.67298847]
 [6.35996404]
 [6.13211728]
 [5.38133515]
 [4.68843663]
 [4.68843663]
 [5.13604502]
 [5.95727363]
 [5.76974599]
 [4.81551841]
 [5.95727363]
 [7.07566675]
 [7.07566675]
 [5.9716423 ]
 [5.49401183]
 [4.98835008]
 [5.71780534]
 [5.57565958]
 [5.48038014]
 [6.05337529]
 [4.91467136]
 [4.93866132]
 [5.37956833]
 [5.71147824]
 [5.37956833]
 [5.29492161]
 [4.93866132]
 [5.92348987]
 [5.40334137]
 [5.03324915]
 [5.2526104 ]
 [4.56187007]
 [5.44373127]
 [5.98552323]
 [4.56187007]
 [5.1152289 ]
 [4.96954304]
 [5.35971792]
 [5.84746059]
 [5.94013213]
 [5.53219178]
 [5.53219178]
 [5.53219178]
 [5.53219178]
 [4.70547526]
 [4.54548786]
 [4.54548786]
 [5.83426422]
 [5.06335921]
 [5.17077958]
 [4.69726063]
 [6.0763446 ]
 [4.99391958]
 [4.99391958]
 [4.99391958]
 [5.39235921]
 [5.39235921]
 [5.39235921]
 [5.64401375]
 [5.39235921]
 [6.25846929]
 [5.37079478]
 [4.93257052]
 [4.7567022 ]
 [4.7567022 ]
 [5.78860576]
 [6.14305439]
 [5.16442947]
 [4.98745802]
 [4.98745802]
 [4.91159193]
 [4.48349263]
 [4.49819925]
 [5.88428002]
 [6.93569204]
 [5.86373135]
 [5.66776259]
 [5.1196997 ]
 [5.86373135]
 [4.70717928]
 [5.54377803]
 [4.83771179]
 [4.7370941 ]
 [4.2665739 ]
 [4.81111147]
 [4.55448361]
 [4.72705048]
 [5.32181497]
 [4.72705048]
 [5.63323512]
 [5.25931409]
 [4.29904732]
 [5.02658228]
 [5.31333451]
 [5.05041174]
 [5.33639216]
 [5.33639216]
 [4.57788017]
 [4.93677191]
 [4.93677191]
 [4.58396571]
 [5.71771369]
 [4.98560728]
 [4.98560728]
 [4.71286549]
 [5.20015554]
 [5.78545674]
 [5.18646982]
 [4.68035148]
 [5.28874554]
 [5.11924508]
 [4.84376614]
 [4.88242774]
 [4.43439588]
 [5.30344372]
 [5.50684841]
 [5.12848887]
 [5.12848887]
 [5.58816665]
 [4.72095126]
 [5.30392411]
 [5.94522421]
 [5.70564953]
 [6.78410729]
 [7.26537945]
 [6.78410729]
 [5.23005535]
 [5.14115496]
 [5.70564953]
 [4.98014357]
 [5.25155857]
 [4.75443359]
 [5.25155857]
 [6.27566566]
 [4.89402171]
 [5.04402242]
 [4.89402171]
 [5.3287895 ]
 [7.04639914]
 [5.50636465]
 [5.1776367 ]
 [5.1776367 ]
 [6.02328323]
 [5.40405459]
 [6.14254715]
 [6.89604187]
 [5.36483599]
 [4.60923637]
 [4.78128276]
 [4.98388441]
 [8.2698989 ]
 [8.2698989 ]
 [5.24643986]
 [5.57416187]
 [4.57446106]
 [5.66842816]
 [5.74945179]
 [4.66176958]
 [5.44298389]
 [5.48844459]
 [5.6773027 ]
 [4.67030966]
 [5.44298389]
 [5.53749785]
 [6.67272491]
 [5.73577578]
 [5.74945179]
 [5.46872714]
 [6.89306393]
 [4.99610772]
 [6.27663876]
 [5.2100313 ]
 [5.8212374 ]
 [4.99610772]
 [5.48770687]
 [5.54501774]
 [6.08607813]
 [4.69262613]
 [5.31705549]
 [5.29906505]
 [6.17570186]
 [6.17570186]
 [6.12269082]
 [5.80220256]
 [6.12269082]
 [5.28440081]
 [5.54305834]
 [5.63247682]
 [6.10371001]
 [5.03740219]
 [7.7714562 ]
 [5.11080213]
 [7.7714562 ]
 [5.11982205]
 [4.89351191]
 [5.65054128]
 [4.58146381]
 [5.65054128]
 [4.6665582 ]
 [5.15222689]
 [4.83417673]
 [4.90299487]
 [5.13341254]
 [5.05843958]
 [4.83868066]
 [4.69500697]
 [5.65290175]
 [4.83868066]
 [5.26133003]
 [4.82618861]
 [5.19021638]
 [5.51748497]
 [4.82618861]
 [5.31691449]
 [5.00861845]
 [5.31691449]
 [4.97655937]
 [5.20153577]
 [4.81179503]
 [4.96702014]
 [5.16712918]
 [4.73331831]
 [5.01931266]
 [5.16712918]
 [5.72653246]
 [5.48115003]
 [5.60164294]
 [5.61946661]
 [5.21259391]
 [4.81087842]
 [4.66261239]
 [4.66721639]
 [5.36691147]
 [6.07482754]
 [5.24805087]
 [5.31916041]
 [6.07482754]
 [4.77004504]
 [5.36691147]
 [5.81606681]
 [5.28960337]
 [5.30485555]
 [5.22301727]
 [5.64565804]
 [5.39667897]
 [7.09250583]
 [5.36500241]
 [5.15778852]
 [5.66034816]
 [5.45447762]
 [5.62737268]
 [5.1386553 ]
 [5.6022568 ]
 [5.37385054]
 [5.8164013 ]
 [6.17957113]
 [5.43787641]
 [5.56411491]
 [6.3205851 ]
 [6.34019877]
 [5.87699006]
 [5.33182552]
 [5.57150473]
 [5.64225869]
 [6.19306907]
 [6.00982345]
 [5.42484276]
 [5.44676331]
 [6.4689071 ]
 [5.46874004]
 [5.66826684]
 [5.56767198]
 [5.21169214]
 [5.66826684]
 [7.75551208]
 [5.00702576]
 [5.00702576]
 [5.00702576]
 [5.36412318]
 [5.36412318]
 [5.36412318]
 [6.08963254]
 [5.81556482]
 [5.36412318]
 [5.57770653]
 [5.49374582]
 [6.06734425]
 [5.59020791]
 [5.32127739]
 [5.45812909]
 [5.3143943 ]
 [5.86558928]
 [5.81511318]
 [5.78718173]
 [5.65870339]
 [6.08947386]
 [5.66941667]
 [6.08947386]
 [5.63497645]
 [5.06904931]
 [6.26046079]
 [5.96376906]
 [6.68921596]
 [5.54784773]
 [6.18029164]
 [5.43560587]
 [6.28569385]
 [5.57083617]
 [6.30480458]
 [5.94520134]
 [6.29636046]
 [6.8778771 ]
 [6.30480458]
 [6.17122644]
 [5.44843925]]