[[5.27128116]
 [5.82001605]
 [6.17851484]
 [5.74476713]
 [5.5902568 ]
 [5.5902568 ]
 [5.5902568 ]
 [5.66771408]
 [5.5902568 ]
 [5.54936112]
 [5.49922309]
 [4.64638728]
 [5.49922309]
 [5.98228862]
 [6.15979584]
 [6.26529872]
 [4.825709  ]
 [6.25815288]
 [5.64588407]
 [5.76701905]
 [6.33508189]
 [6.33508189]
 [5.15065601]
 [6.74930221]
 [6.75086217]
 [5.07781327]
 [5.32125295]
 [5.62562791]
 [5.3930137 ]
 [4.75755569]
 [5.49155324]
 [5.85417402]
 [4.75755569]
 [5.5951835 ]
 [6.38000263]
 [6.02737556]
 [5.31627002]
 [6.38000263]
 [5.49126789]
 [6.04065186]
 [5.25928813]
 [5.54255694]
 [6.13877638]
 [4.99226292]
 [6.67958603]
 [5.3788511 ]
 [4.89269614]
 [5.3788511 ]
 [5.65057741]
 [5.70800584]
 [5.70800584]
 [5.06612871]
 [5.29110335]
 [5.35191809]
 [5.74436291]
 [5.42011279]
 [5.52834666]
 [5.17904126]
 [5.5801057 ]
 [5.5801057 ]
 [4.93780362]
 [5.74010133]
 [5.74796995]
 [5.46366987]
 [6.01848644]
 [5.27174922]
 [5.27174922]
 [6.78615209]
 [4.7778949 ]
 [5.67275221]
 [5.75002571]
 [5.38156584]
 [5.40116081]
 [5.51155888]
 [5.70079046]
 [4.86876426]
 [6.40861108]
 [5.07953466]
 [4.86876426]
 [6.20104524]
 [5.29655531]
 [5.29655531]
 [5.78709696]
 [5.17874781]
 [5.48553024]
 [6.12393556]
 [6.04634123]
 [6.27031924]
 [5.25349816]
 [5.25349816]
 [5.75163453]
 [5.45984635]
 [5.79345742]
 [5.35368575]
 [5.45984635]
 [5.64296265]
 [5.64296265]
 [5.95654157]
 [5.7961148 ]
 [5.70045755]
 [5.69831595]
 [5.28910466]
 [6.0528111 ]
 [5.48143382]
 [4.68950684]
 [4.92044797]
 [5.4507173 ]
 [5.70623254]
 [5.4507173 ]
 [4.70059888]
 [4.92044797]
 [6.03793077]
 [5.34061254]
 [4.82463612]
 [4.90589112]
 [4.91759574]
 [5.33742142]
 [6.16186493]
 [4.91759574]
 [4.89428942]
 [5.40723474]
 [5.24439693]
 [6.28430272]
 [5.60037359]
 [5.31666122]
 [5.31666122]
 [5.31666122]
 [5.31666122]
 [4.6239404 ]
 [4.90797006]
 [4.90797006]
 [5.1291851 ]
 [5.29889157]
 [5.19681143]
 [5.27882577]
 [5.87091032]
 [4.87158087]
 [4.87158087]
 [4.87158087]
 [5.39623146]
 [5.39623146]
 [5.39623146]
 [5.51076178]
 [5.39623146]
 [6.71736706]
 [5.50327913]
 [5.50945589]
 [5.2748206 ]
 [5.2748206 ]
 [5.47270145]
 [5.45604212]
 [5.39172099]
 [4.95679902]
 [4.95679902]
 [5.13421887]
 [4.75581069]
 [4.82616604]
 [5.35983266]
 [5.6619243 ]
 [6.09019091]
 [5.75600966]
 [5.13137683]
 [6.09019091]
 [4.84284969]
 [5.70382423]
 [4.90638925]
 [4.80683712]
 [5.18205835]
 [4.89627053]
 [5.21610389]
 [4.78535356]
 [5.92662644]
 [4.78535356]
 [5.11378419]
 [5.11054504]
 [4.9805377 ]
 [5.21658491]
 [5.10596284]
 [5.14496014]
 [5.41768432]
 [5.41768432]
 [4.89642509]
 [5.18186451]
 [5.18186451]
 [4.69664036]
 [5.12307474]
 [5.16733454]
 [5.16733454]
 [5.05684024]
 [5.02545092]
 [5.73730913]
 [5.52293057]
 [5.1646575 ]
 [5.062883  ]
 [4.70823103]
 [5.37605276]
 [5.45207345]
 [5.02504823]
 [5.32113601]
 [5.66660511]
 [5.5197787 ]
 [5.5197787 ]
 [5.90078615]
 [5.18588746]
 [5.3493139 ]
 [5.77438273]
 [6.06636581]
 [5.69035423]
 [6.48516215]
 [5.69035423]
 [5.73965527]
 [5.43685781]
 [6.06636581]
 [5.39617176]
 [5.73884298]
 [4.97753851]
 [5.73884298]
 [6.00606855]
 [5.21291963]
 [5.4088625 ]
 [5.21291963]
 [4.8342396 ]
 [6.07162602]
 [5.51589831]
 [5.34332548]
 [5.34332548]
 [5.61680367]
 [5.72243771]
 [5.56106886]
 [5.9315649 ]
 [5.11279864]
 [4.83354084]
 [5.38040514]
 [5.03934135]
 [7.01085538]
 [7.01085538]
 [5.10515157]
 [5.54476781]
 [5.24326098]
 [5.32928567]
 [5.69917646]
 [5.10972275]
 [5.23384367]
 [5.7450875 ]
 [5.33770511]
 [5.11797432]
 [5.23384367]
 [5.13020415]
 [5.5757611 ]
 [5.67195804]
 [5.69917646]
 [5.92854953]
 [5.98641805]
 [4.7800364 ]
 [6.60766897]
 [5.57244382]
 [5.05982586]
 [4.7800364 ]
 [5.79117021]
 [6.09745127]
 [5.23906418]
 [5.19787424]
 [5.27195813]
 [5.24316075]
 [5.32303396]
 [5.32303396]
 [5.37855345]
 [5.59893945]
 [5.37855345]
 [4.9219962 ]
 [5.70167408]
 [6.27026479]
 [5.70661064]
 [4.96326803]
 [6.67823977]
 [5.43608723]
 [6.67823977]
 [5.44439382]
 [5.59706475]
 [5.87475024]
 [5.04847569]
 [5.87475024]
 [5.31411005]
 [5.749406  ]
 [5.45649149]
 [5.08082929]
 [5.29942864]
 [5.37971659]
 [5.38865246]
 [5.28882081]
 [6.09985031]
 [5.38865246]
 [5.67571083]
 [5.50024066]
 [5.07529331]
 [5.44708823]
 [5.50024066]
 [5.82203236]
 [5.57575324]
 [5.82203236]
 [5.3578979 ]
 [4.95742131]
 [4.76104033]
 [5.507874  ]
 [5.82295517]
 [5.26332132]
 [5.54085019]
 [5.82295517]
 [5.64807408]
 [5.81005106]
 [5.01989471]
 [5.43073986]
 [5.50317266]
 [4.72695368]
 [4.67847474]
 [4.68301508]
 [4.90869992]
 [5.43370788]
 [5.54206155]
 [5.29097196]
 [5.43370788]
 [4.90736027]
 [4.90869992]
 [5.14006966]
 [4.8377244 ]
 [5.0677715 ]
 [4.95827151]
 [5.64990035]
 [5.06109202]
 [5.88852907]
 [5.72681278]
 [5.15898933]
 [5.579454  ]
 [4.95336483]
 [5.66852263]
 [5.01721421]
 [5.11822028]
 [5.05320295]
 [5.84607333]
 [5.31981835]
 [5.58828221]
 [5.28694653]
 [5.70612478]
 [6.70955162]
 [6.19043246]
 [5.19218303]
 [5.47111431]
 [5.72659167]
 [5.99335585]
 [5.98686137]
 [5.31340623]
 [5.28190529]
 [5.74093851]
 [5.28839668]
 [5.72266813]
 [5.56599098]
 [5.336682  ]
 [5.72266813]
 [6.04141076]
 [5.38675273]
 [5.38675273]
 [5.38675273]
 [5.49275348]
 [5.49275348]
 [5.49275348]
 [5.56720266]
 [5.32673839]
 [5.49275348]
 [5.05388203]
 [5.41071756]
 [5.83923925]
 [5.59152255]
 [5.06153848]
 [5.41657762]
 [5.68216414]
 [6.12503417]
 [5.72175279]
 [5.92702887]
 [5.81526246]
 [5.70435441]
 [5.88647617]
 [5.70435441]
 [5.6964815 ]
 [4.84687605]
 [5.86629133]
 [5.57745172]
 [5.86663746]
 [5.36776529]
 [5.84276622]
 [5.06667475]
 [5.79896229]
 [5.51228355]
 [5.68865532]
 [5.33022002]
 [5.53251554]
 [5.83091986]
 [5.68865532]
 [5.3869475 ]
 [5.22152693]]