[[5.45440611]
 [6.00786654]
 [6.37798698]
 [5.67676419]
 [5.7651575 ]
 [5.7651575 ]
 [5.7651575 ]
 [5.86971009]
 [5.7651575 ]
 [5.78952065]
 [5.66908151]
 [4.80857191]
 [5.66908151]
 [6.16378461]
 [6.27943769]
 [6.46487791]
 [4.96198936]
 [6.35879713]
 [5.89635881]
 [6.0041814 ]
 [6.61420616]
 [6.61420616]
 [5.0210957 ]
 [6.96888218]
 [6.93623578]
 [5.14443975]
 [5.3656569 ]
 [5.82887868]
 [5.55327717]
 [4.89430736]
 [5.742916  ]
 [5.77398483]
 [4.89430736]
 [5.78481987]
 [6.62050185]
 [5.83253442]
 [5.47762199]
 [6.62050185]
 [5.67702379]
 [6.20912528]
 [5.33046832]
 [5.6434776 ]
 [6.45645263]
 [5.08753564]
 [6.23830596]
 [5.61125911]
 [5.1470458 ]
 [5.61125911]
 [5.82796411]
 [5.85088994]
 [5.85088994]
 [5.19800921]
 [5.4525598 ]
 [5.52514754]
 [5.93111862]
 [5.56815106]
 [5.59330764]
 [5.34006377]
 [5.79605277]
 [5.79605277]
 [5.14707935]
 [5.89136117]
 [5.84071179]
 [5.65632129]
 [6.24394501]
 [5.48898725]
 [5.48898725]
 [6.99040692]
 [4.96080382]
 [5.77061488]
 [6.02415605]
 [5.61786422]
 [5.57476442]
 [5.65382603]
 [5.92983507]
 [4.9643666 ]
 [6.45678223]
 [5.25141985]
 [4.9643666 ]
 [6.39304478]
 [5.47397903]
 [5.47397903]
 [6.01148392]
 [5.34706924]
 [5.67489565]
 [6.35121126]
 [6.31349067]
 [6.50285791]
 [5.12438151]
 [5.12438151]
 [5.93959997]
 [5.6529956 ]
 [6.07743177]
 [5.50932688]
 [5.6529956 ]
 [5.64480086]
 [5.64480086]
 [6.23650259]
 [6.07122394]
 [5.87370703]
 [5.96349721]
 [5.56398507]
 [6.24544219]
 [5.65336638]
 [4.78401253]
 [4.8659305 ]
 [5.42635695]
 [5.86243385]
 [5.42635695]
 [4.8065907 ]
 [4.8659305 ]
 [6.34114733]
 [5.60079772]
 [4.97823384]
 [5.00857825]
 [4.91853739]
 [5.63877465]
 [6.41792625]
 [4.91853739]
 [5.07191247]
 [5.51101356]
 [5.54317566]
 [6.4982287 ]
 [5.8830741 ]
 [5.52160566]
 [5.52160566]
 [5.52160566]
 [5.52160566]
 [4.86219095]
 [4.90490882]
 [4.90490882]
 [5.14506278]
 [5.51712073]
 [5.37253463]
 [5.4448594 ]
 [6.1197204 ]
 [5.06224159]
 [5.06224159]
 [5.06224159]
 [5.65580704]
 [5.65580704]
 [5.65580704]
 [5.70698796]
 [5.65580704]
 [6.88849154]
 [5.73009565]
 [5.71838653]
 [5.42136369]
 [5.42136369]
 [5.62951593]
 [5.5068159 ]
 [5.66733584]
 [5.18844199]
 [5.18844199]
 [5.34610529]
 [4.98087137]
 [5.02031726]
 [5.51117062]
 [5.4654368 ]
 [6.33368233]
 [6.01865545]
 [5.33358187]
 [6.33368233]
 [5.05061542]
 [5.97467002]
 [5.10578445]
 [5.03078736]
 [5.22009424]
 [5.0067419 ]
 [5.41255314]
 [4.99933843]
 [6.10916622]
 [4.99933843]
 [4.95414847]
 [5.30988484]
 [4.98352824]
 [5.46389885]
 [5.23215543]
 [5.37783449]
 [5.68087583]
 [5.68087583]
 [5.07069956]
 [5.01530769]
 [5.01530769]
 [4.68898608]
 [4.97920362]
 [5.38564832]
 [5.38564832]
 [5.21381075]
 [4.79654951]
 [6.02255395]
 [5.7326232 ]
 [5.36809313]
 [5.28339396]
 [4.6756736 ]
 [5.54836291]
 [5.61697437]
 [4.96942921]
 [5.53119889]
 [5.9198073 ]
 [5.24587855]
 [5.24587855]
 [6.13399043]
 [5.39280826]
 [5.57188566]
 [6.01306576]
 [6.15653409]
 [5.80242567]
 [6.62953334]
 [5.80242567]
 [5.95920427]
 [5.61697849]
 [6.15653409]
 [5.52025443]
 [5.91994576]
 [5.15082077]
 [5.91994576]
 [6.21800031]
 [5.38929051]
 [5.13351963]
 [5.38929051]
 [4.98817335]
 [6.17541244]
 [5.6795518 ]
 [5.58510269]
 [5.58510269]
 [5.8958328 ]
 [5.92225281]
 [5.77142232]
 [6.04923064]
 [5.38162472]
 [4.98022741]
 [5.65123925]
 [5.29200428]
 [6.77814949]
 [6.77814949]
 [4.99674086]
 [5.71276472]
 [5.43146278]
 [5.27213723]
 [5.96237289]
 [4.98235228]
 [5.40258033]
 [6.00208227]
 [5.28195952]
 [4.99151208]
 [5.40258033]
 [5.27037344]
 [5.66359196]
 [5.93980862]
 [5.96237289]
 [6.08359625]
 [6.09831307]
 [4.70810833]
 [6.81393923]
 [5.7737678 ]
 [4.96690146]
 [4.70810833]
 [5.98217793]
 [6.32838842]
 [5.33134727]
 [5.34859158]
 [5.48196993]
 [5.50313419]
 [5.40908881]
 [5.40908881]
 [5.48937054]
 [5.7662531 ]
 [5.48937054]
 [5.13422331]
 [5.97027292]
 [6.43634195]
 [5.87776896]
 [5.24404481]
 [6.49565999]
 [5.61368105]
 [6.49565999]
 [5.62349286]
 [5.58340367]
 [6.07452908]
 [5.23111274]
 [6.07452908]
 [5.49386012]
 [5.94185913]
 [5.65675683]
 [5.28766561]
 [5.5324639 ]
 [5.57255709]
 [5.62037804]
 [5.49459648]
 [6.33437886]
 [5.62037804]
 [5.92284716]
 [5.33562943]
 [5.29963397]
 [5.67619593]
 [5.33562943]
 [6.00706599]
 [5.74334073]
 [6.00706599]
 [5.53937959]
 [5.04697387]
 [4.96628576]
 [5.68082744]
 [6.01285712]
 [5.43006386]
 [5.71896558]
 [6.01285712]
 [5.83585598]
 [6.01025914]
 [5.16601647]
 [5.5725503 ]
 [5.6854592 ]
 [4.92583686]
 [4.77387017]
 [4.77914239]
 [5.10202398]
 [5.53838848]
 [5.72786992]
 [5.47591731]
 [5.53838848]
 [5.11159051]
 [5.10202398]
 [5.28336941]
 [5.04532068]
 [5.22890942]
 [5.1540993 ]
 [5.85841851]
 [5.26691758]
 [6.03577127]
 [5.92886973]
 [5.33904568]
 [5.71757424]
 [4.82819039]
 [5.93790097]
 [5.22975297]
 [5.28821278]
 [5.21338119]
 [6.07024829]
 [5.4147571 ]
 [5.76858069]
 [5.55941131]
 [5.87280737]
 [6.8593012 ]
 [6.40312776]
 [5.38482044]
 [5.63730161]
 [6.04390714]
 [6.21439341]
 [6.19108856]
 [5.43960384]
 [5.40938496]
 [5.82391124]
 [5.42471341]
 [5.88916916]
 [5.75567911]
 [5.50834704]
 [5.88916916]
 [5.86287246]
 [5.1262033 ]
 [5.1262033 ]
 [5.1262033 ]
 [5.699253  ]
 [5.699253  ]
 [5.699253  ]
 [5.70841358]
 [5.56069467]
 [5.699253  ]
 [5.17001707]
 [5.66758209]
 [6.10175483]
 [5.80032925]
 [4.84126533]
 [5.7146011 ]
 [5.39643996]
 [6.36830862]
 [5.96244824]
 [6.08733325]
 [6.04661625]
 [5.88480232]
 [6.16256536]
 [5.88480232]
 [5.95129298]
 [4.69051994]
 [6.07292282]
 [5.81609354]
 [6.00211376]
 [5.56995401]
 [5.76863068]
 [4.92373153]
 [6.00678654]
 [5.72471568]
 [5.83353613]
 [5.45878058]
 [5.66565312]
 [5.96362981]
 [5.83353613]
 [5.50912035]
 [5.431074  ]]