[[5.20679735]
 [5.80439958]
 [6.13231691]
 [5.46080922]
 [5.72994902]
 [5.72994902]
 [5.72994902]
 [5.62389612]
 [5.72994902]
 [5.75319139]
 [5.49321594]
 [4.78473735]
 [5.49321594]
 [5.79271672]
 [5.93064088]
 [6.21812709]
 [4.81206874]
 [6.13597281]
 [5.6497483 ]
 [5.811207  ]
 [6.27920204]
 [6.27920204]
 [4.87122046]
 [6.57144125]
 [6.28175151]
 [4.99756804]
 [5.19775524]
 [5.46037076]
 [5.83915738]
 [4.85232876]
 [5.76863553]
 [5.44185166]
 [4.85232876]
 [5.42342214]
 [6.48054098]
 [5.80061437]
 [5.19665528]
 [6.48054098]
 [5.44666424]
 [6.1199466 ]
 [5.05025508]
 [5.45243153]
 [6.25148028]
 [4.88266574]
 [5.27942823]
 [5.50614872]
 [5.06608376]
 [5.50614872]
 [5.78418513]
 [5.76511468]
 [5.76511468]
 [5.11077665]
 [5.23575305]
 [5.23351653]
 [5.83066705]
 [5.59624099]
 [5.02974851]
 [5.3978685 ]
 [5.7852528 ]
 [5.7852528 ]
 [4.99786186]
 [5.88415684]
 [5.55099152]
 [5.4242577 ]
 [6.14126275]
 [5.39462598]
 [5.39462598]
 [6.54553656]
 [4.92609787]
 [6.01949172]
 [6.28424925]
 [5.63925248]
 [5.62181898]
 [5.1244901 ]
 [5.83244255]
 [4.82053026]
 [6.30293032]
 [5.04499415]
 [4.82053026]
 [6.07260738]
 [5.38323157]
 [5.38323157]
 [5.78426371]
 [5.25473188]
 [5.65282238]
 [5.98499652]
 [6.26698286]
 [6.297505  ]
 [4.91071342]
 [4.91071342]
 [5.73287307]
 [5.60161509]
 [6.10493734]
 [5.26716704]
 [5.60161509]
 [4.99928678]
 [4.99928678]
 [6.15752867]
 [5.98996532]
 [5.67845384]
 [6.06560013]
 [5.62023295]
 [5.91864964]
 [5.6018864 ]
 [4.71307907]
 [4.79714708]
 [5.28515887]
 [5.85024816]
 [5.28515887]
 [4.70675191]
 [4.79714708]
 [6.31159662]
 [5.45639997]
 [4.99371641]
 [5.00138345]
 [4.7967209 ]
 [5.80131861]
 [6.19780528]
 [4.7967209 ]
 [4.88258171]
 [5.28913429]
 [5.73851505]
 [6.16317072]
 [5.72629513]
 [5.48741237]
 [5.48741237]
 [5.48741237]
 [5.48741237]
 [4.78554557]
 [4.78998736]
 [4.78998736]
 [4.98798535]
 [5.25343383]
 [5.2133835 ]
 [5.23470771]
 [6.17250832]
 [5.01299966]
 [5.01299966]
 [5.01299966]
 [5.50575284]
 [5.50575284]
 [5.50575284]
 [5.59132995]
 [5.50575284]
 [6.36628559]
 [5.51828999]
 [5.60176176]
 [5.20022497]
 [5.20022497]
 [5.6301943 ]
 [5.32936439]
 [5.68056825]
 [5.14952548]
 [5.14952548]
 [5.21674166]
 [4.97574655]
 [5.01098838]
 [5.51265908]
 [4.91581967]
 [5.80695552]
 [5.77346837]
 [5.24915404]
 [5.80695552]
 [4.95485106]
 [5.91295579]
 [5.00214818]
 [4.9707931 ]
 [5.01855586]
 [4.95028503]
 [5.25043582]
 [4.82115218]
 [5.91187283]
 [4.82115218]
 [4.78763144]
 [5.21729838]
 [4.77166568]
 [5.24280553]
 [5.43538211]
 [5.23034203]
 [5.54493715]
 [5.54493715]
 [4.97823476]
 [4.82334719]
 [4.82334719]
 [4.62883344]
 [4.8110634 ]
 [5.18896748]
 [5.18896748]
 [5.25152449]
 [4.51945999]
 [6.08098841]
 [5.61323675]
 [5.11995573]
 [5.21319522]
 [4.63940979]
 [5.21291566]
 [5.28851311]
 [4.74210017]
 [5.43502793]
 [5.77947866]
 [4.69714758]
 [4.69714758]
 [5.97557143]
 [5.13717983]
 [5.50343911]
 [5.91214236]
 [5.97574289]
 [5.42234699]
 [6.42667311]
 [5.42234699]
 [5.82370214]
 [5.48639195]
 [5.97574289]
 [5.26326491]
 [5.4407224 ]
 [5.00687464]
 [5.4407224 ]
 [6.20225143]
 [5.11273104]
 [4.66547695]
 [5.11273104]
 [4.90552384]
 [5.85648334]
 [5.7065253 ]
 [5.29559004]
 [5.29559004]
 [5.90130633]
 [5.74546316]
 [5.68277329]
 [5.86701518]
 [5.30687345]
 [4.92219878]
 [5.51992557]
 [5.21830012]
 [5.91042742]
 [5.91042742]
 [4.71410564]
 [5.7224466 ]
 [5.24717557]
 [5.24034129]
 [5.8537387 ]
 [4.82815711]
 [5.30655515]
 [5.8511402 ]
 [5.25239983]
 [4.84049502]
 [5.30655515]
 [5.20680598]
 [5.18838425]
 [5.83385727]
 [5.8537387 ]
 [5.86910934]
 [5.85917414]
 [4.56206261]
 [6.27051907]
 [5.63301817]
 [4.84848477]
 [4.56206261]
 [5.69874139]
 [6.09865749]
 [5.240031  ]
 [5.215654  ]
 [5.42210436]
 [5.44396888]
 [5.16860096]
 [5.16860096]
 [5.34535356]
 [5.75261681]
 [5.34535356]
 [5.06080929]
 [5.51585873]
 [6.35284997]
 [5.82982431]
 [5.28171722]
 [5.77446069]
 [5.8654717 ]
 [5.77446069]
 [5.87739449]
 [5.49582947]
 [5.82839482]
 [5.12083103]
 [5.82839482]
 [5.29351877]
 [5.68430405]
 [5.48761337]
 [5.15663572]
 [5.40118728]
 [5.4623784 ]
 [5.52094815]
 [5.35368005]
 [6.1802831 ]
 [5.52094815]
 [5.812013  ]
 [4.68038922]
 [5.23062794]
 [5.58093753]
 [4.68038922]
 [5.86275564]
 [5.6040312 ]
 [5.86275564]
 [5.26646161]
 [4.9843525 ]
 [4.92910528]
 [5.56368275]
 [5.82144363]
 [5.24748018]
 [5.55577301]
 [5.82144363]
 [5.70720529]
 [5.77571435]
 [5.1023714 ]
 [5.40377816]
 [5.54140172]
 [4.9792276 ]
 [4.77233966]
 [4.77828898]
 [5.15743316]
 [5.39887167]
 [5.51728499]
 [5.41979914]
 [5.39887167]
 [4.94679265]
 [5.15743316]
 [5.23521312]
 [5.05129291]
 [5.17944412]
 [5.07666348]
 [5.75596106]
 [5.19790887]
 [5.42083706]
 [5.79379009]
 [5.33644489]
 [5.50942716]
 [4.67405384]
 [5.90170279]
 [5.12091739]
 [5.29761501]
 [5.22696773]
 [6.08758466]
 [5.24608731]
 [5.83192063]
 [5.50957495]
 [5.59381657]
 [6.34778934]
 [6.11971828]
 [5.32882998]
 [5.52979085]
 [5.99263216]
 [5.88715008]
 [6.06527953]
 [5.30349886]
 [5.25210104]
 [5.80582355]
 [5.26218388]
 [5.85269132]
 [5.66402376]
 [5.39407241]
 [5.85269132]
 [4.90072831]
 [4.67054971]
 [4.67054971]
 [4.67054971]
 [5.50758926]
 [5.50758926]
 [5.50758926]
 [5.66687233]
 [5.57041741]
 [5.50758926]
 [5.04143407]
 [5.68826056]
 [6.12753023]
 [5.77024888]
 [4.60932707]
 [5.83438418]
 [5.51490977]
 [6.16773044]
 [5.78854111]
 [6.13890395]
 [5.91019516]
 [5.78051884]
 [6.03914345]
 [5.78051884]
 [5.95834225]
 [4.55472435]
 [5.96166602]
 [5.80816849]
 [5.89072944]
 [5.57865246]
 [5.80940737]
 [4.86539449]
 [5.8657955 ]
 [5.79991082]
 [5.64371724]
 [5.14608823]
 [5.39828385]
 [5.5947223 ]
 [5.64371724]
 [5.24598902]
 [5.49106662]]