[[5.18453871]
 [5.77558519]
 [6.10098335]
 [5.5152559 ]
 [5.72752643]
 [5.72752643]
 [5.72752643]
 [5.64777845]
 [5.72752643]
 [5.73429274]
 [5.46080383]
 [4.81360224]
 [5.46080383]
 [5.7678539 ]
 [5.90266846]
 [6.20236388]
 [4.88270581]
 [6.14321103]
 [5.64843793]
 [5.82504927]
 [6.32432546]
 [6.32432546]
 [4.95914934]
 [6.55165387]
 [6.26391523]
 [5.05864328]
 [5.20173888]
 [5.45352447]
 [5.8699838 ]
 [4.89884754]
 [5.80800951]
 [5.50433494]
 [4.89884754]
 [5.46183967]
 [6.43469707]
 [5.91653181]
 [5.17957149]
 [6.43469707]
 [5.45092873]
 [6.07872848]
 [5.05638956]
 [5.49698986]
 [6.28830573]
 [4.97092415]
 [5.47607792]
 [5.52495987]
 [5.10196367]
 [5.52495987]
 [5.76401667]
 [5.73809689]
 [5.73809689]
 [5.14164655]
 [5.20936854]
 [5.20952916]
 [5.82844547]
 [5.59007657]
 [5.01821703]
 [5.44149477]
 [5.79260613]
 [5.79260613]
 [5.03808909]
 [5.85279687]
 [5.58460124]
 [5.43929474]
 [6.14842071]
 [5.41643276]
 [5.41643276]
 [6.50304142]
 [4.95376538]
 [6.05288056]
 [6.29287138]
 [5.66927128]
 [5.61500691]
 [5.10562759]
 [5.84579259]
 [4.89435385]
 [6.25969087]
 [5.02377266]
 [4.89435385]
 [6.05065431]
 [5.39905982]
 [5.39905982]
 [5.76906269]
 [5.30918089]
 [5.65717102]
 [6.02483987]
 [6.25900617]
 [6.26929789]
 [5.03304641]
 [5.03304641]
 [5.70113835]
 [5.63436393]
 [6.09032728]
 [5.23698979]
 [5.63436393]
 [5.02177457]
 [5.02177457]
 [6.1547146 ]
 [5.9512195 ]
 [5.64823501]
 [6.04556806]
 [5.64377847]
 [5.89183513]
 [5.6389379 ]
 [4.75923883]
 [4.87268182]
 [5.36562038]
 [5.84457131]
 [5.36562038]
 [4.74054313]
 [4.87268182]
 [6.29411901]
 [5.4992033 ]
 [5.03789437]
 [5.04299728]
 [4.88504513]
 [5.82873285]
 [6.25509317]
 [4.88504513]
 [4.93629988]
 [5.37245305]
 [5.76357474]
 [6.13530793]
 [5.75889693]
 [5.49034984]
 [5.49034984]
 [5.49034984]
 [5.49034984]
 [4.82083021]
 [4.87753742]
 [4.87753742]
 [5.02597767]
 [5.27535266]
 [5.2626501 ]
 [5.21041344]
 [6.18108125]
 [5.01249098]
 [5.01249098]
 [5.01249098]
 [5.52562622]
 [5.52562622]
 [5.52562622]
 [5.59683058]
 [5.52562622]
 [6.34367608]
 [5.54298645]
 [5.56721091]
 [5.16904512]
 [5.16904512]
 [5.6323793 ]
 [5.37856717]
 [5.73376087]
 [5.1896896 ]
 [5.1896896 ]
 [5.24641402]
 [5.01960885]
 [5.04719966]
 [5.54717599]
 [5.02051453]
 [5.83719889]
 [5.82300303]
 [5.29399807]
 [5.83719889]
 [4.99915641]
 [5.9362942 ]
 [5.04808175]
 [5.01623974]
 [5.13257912]
 [5.00067981]
 [5.22509224]
 [4.86441751]
 [5.87421618]
 [4.86441751]
 [4.88210917]
 [5.22274879]
 [4.88371283]
 [5.28791013]
 [5.46867613]
 [5.25331189]
 [5.58142829]
 [5.58142829]
 [5.00145426]
 [4.93664016]
 [4.93664016]
 [4.69935862]
 [4.89735682]
 [5.19230457]
 [5.19230457]
 [5.30278253]
 [4.66091631]
 [6.08293315]
 [5.66258155]
 [5.09827947]
 [5.24995403]
 [4.70044708]
 [5.1975427 ]
 [5.26983063]
 [4.85710829]
 [5.44386023]
 [5.76407392]
 [4.83581077]
 [4.83581077]
 [5.97700994]
 [5.11986285]
 [5.54978348]
 [5.91471232]
 [5.94862074]
 [5.38947427]
 [6.40346494]
 [5.38947427]
 [5.79748457]
 [5.46481503]
 [5.94862074]
 [5.34850404]
 [5.43129721]
 [4.98942285]
 [5.43129721]
 [6.19142255]
 [5.1179707 ]
 [4.81438611]
 [5.1179707 ]
 [4.94097981]
 [5.8320341 ]
 [5.7086501 ]
 [5.30010249]
 [5.30010249]
 [5.92657444]
 [5.74463012]
 [5.70069387]
 [5.87678826]
 [5.33747219]
 [4.97377202]
 [5.49174571]
 [5.22342537]
 [5.98738233]
 [5.98738233]
 [4.80859047]
 [5.74161792]
 [5.22376379]
 [5.31402055]
 [5.85296519]
 [4.93225042]
 [5.29977075]
 [5.83906504]
 [5.32556011]
 [4.94413783]
 [5.29977075]
 [5.20462489]
 [5.16380372]
 [5.83460558]
 [5.85296519]
 [5.83623561]
 [5.83568709]
 [4.64447656]
 [6.26280832]
 [5.6028982 ]
 [4.93100854]
 [4.64447656]
 [5.68362377]
 [6.06224881]
 [5.25114053]
 [5.18174569]
 [5.4338254 ]
 [5.47401707]
 [5.15962588]
 [5.15962588]
 [5.35395494]
 [5.7425778 ]
 [5.35395494]
 [5.08478302]
 [5.53024236]
 [6.2997686 ]
 [5.83050747]
 [5.31488932]
 [5.81994243]
 [5.90054653]
 [5.81994243]
 [5.91201064]
 [5.45804541]
 [5.80699078]
 [5.09136674]
 [5.80699078]
 [5.27116432]
 [5.65879291]
 [5.46018275]
 [5.17444128]
 [5.3911982 ]
 [5.43214932]
 [5.48935913]
 [5.3231886 ]
 [6.14692547]
 [5.48935913]
 [5.78707404]
 [4.78847405]
 [5.23253859]
 [5.58122957]
 [4.78847405]
 [5.82639352]
 [5.56298922]
 [5.82639352]
 [5.24406929]
 [5.03049271]
 [4.96990716]
 [5.52758361]
 [5.78849854]
 [5.2160855 ]
 [5.5218683 ]
 [5.78849854]
 [5.68529017]
 [5.76052991]
 [5.11203398]
 [5.37941695]
 [5.50596251]
 [5.01902352]
 [4.8213535 ]
 [4.82733422]
 [5.18266687]
 [5.38062549]
 [5.50519379]
 [5.41904687]
 [5.38062549]
 [4.96004056]
 [5.18266687]
 [5.25904532]
 [5.0626479 ]
 [5.18055843]
 [5.09062812]
 [5.74163171]
 [5.23584669]
 [5.38699529]
 [5.76126448]
 [5.33947975]
 [5.4746186 ]
 [4.7586913 ]
 [5.90542163]
 [5.14452285]
 [5.29937941]
 [5.20242074]
 [6.06544554]
 [5.25723378]
 [5.84262696]
 [5.53656932]
 [5.55164277]
 [6.30442924]
 [6.08122744]
 [5.32686294]
 [5.51674576]
 [5.9827711 ]
 [5.93080323]
 [6.0419079 ]
 [5.28836678]
 [5.23360266]
 [5.803131  ]
 [5.24874554]
 [5.82730092]
 [5.6497773 ]
 [5.36872249]
 [5.82730092]
 [5.0082868 ]
 [4.81795977]
 [4.81795977]
 [4.81795977]
 [5.48327088]
 [5.48327088]
 [5.48327088]
 [5.65306284]
 [5.58143869]
 [5.48327088]
 [5.04070987]
 [5.69804929]
 [6.12022314]
 [5.75310723]
 [4.73940591]
 [5.86470132]
 [5.60398543]
 [6.13165979]
 [5.79228943]
 [6.11849421]
 [5.87765738]
 [5.73719072]
 [6.02874276]
 [5.73719072]
 [5.94820177]
 [4.6699246 ]
 [5.92167766]
 [5.81745409]
 [5.89807025]
 [5.56003329]
 [5.88472618]
 [4.94064645]
 [5.82176905]
 [5.77745191]
 [5.60239672]
 [5.11608719]
 [5.37135419]
 [5.56206195]
 [5.60239672]
 [5.2229393 ]
 [5.5005086 ]]