[[5.1680356 ]
 [5.76092031]
 [6.08691258]
 [5.5505137 ]
 [5.72767599]
 [5.72767599]
 [5.72767599]
 [5.64660259]
 [5.72767599]
 [5.73139756]
 [5.45925054]
 [4.81817755]
 [5.45925054]
 [5.75433097]
 [5.89537144]
 [6.19220097]
 [4.94272908]
 [6.1751799 ]
 [5.63432753]
 [5.82432468]
 [6.31469853]
 [6.31469853]
 [5.03194721]
 [6.55073209]
 [6.25788423]
 [5.12425927]
 [5.21060369]
 [5.44554576]
 [5.94030029]
 [4.93526528]
 [5.81815852]
 [5.56221312]
 [4.93526528]
 [5.45260997]
 [6.44123892]
 [6.04006697]
 [5.17608166]
 [6.44123892]
 [5.43498636]
 [6.08973025]
 [5.07834694]
 [5.5092497 ]
 [6.27524371]
 [5.0438691 ]
 [5.5263666 ]
 [5.50986848]
 [5.10666018]
 [5.50986848]
 [5.75558857]
 [5.72940557]
 [5.72940557]
 [5.15070711]
 [5.19973851]
 [5.1951515 ]
 [5.81415014]
 [5.59752029]
 [5.04051045]
 [5.47597522]
 [5.77905459]
 [5.77905459]
 [5.04466376]
 [5.84967867]
 [5.59934982]
 [5.42112866]
 [6.14911671]
 [5.40593001]
 [5.40593001]
 [6.50871371]
 [4.9584015 ]
 [6.12193407]
 [6.29847712]
 [5.6804316 ]
 [5.61809394]
 [5.11259832]
 [5.82951167]
 [4.96711125]
 [6.25337339]
 [5.00536482]
 [4.96711125]
 [6.03601941]
 [5.40304371]
 [5.40304371]
 [5.7636622 ]
 [5.34030836]
 [5.64406874]
 [6.02018553]
 [6.2525367 ]
 [6.25327402]
 [5.14623997]
 [5.14623997]
 [5.68893274]
 [5.6381937 ]
 [6.08873232]
 [5.22728412]
 [5.6381937 ]
 [5.04147311]
 [5.04147311]
 [6.14669424]
 [5.95121575]
 [5.63503938]
 [6.04873257]
 [5.654058  ]
 [5.87819069]
 [5.65258587]
 [4.80811267]
 [4.95162253]
 [5.44899758]
 [5.83378368]
 [5.44899758]
 [4.7699122 ]
 [4.95162253]
 [6.28769238]
 [5.49354681]
 [5.06493323]
 [5.08570146]
 [4.97399827]
 [5.8250934 ]
 [6.24817752]
 [4.97399827]
 [4.96383044]
 [5.44177384]
 [5.76037404]
 [6.13464659]
 [5.76640797]
 [5.47652086]
 [5.47652086]
 [5.47652086]
 [5.47652086]
 [4.81761663]
 [4.96760781]
 [4.96760781]
 [5.05606336]
 [5.25294572]
 [5.26939453]
 [5.19575907]
 [6.1709173 ]
 [5.00277645]
 [5.00277645]
 [5.00277645]
 [5.51301885]
 [5.51301885]
 [5.51301885]
 [5.58368332]
 [5.51301885]
 [6.34017296]
 [5.52763248]
 [5.55681578]
 [5.15995476]
 [5.15995476]
 [5.62892013]
 [5.41082563]
 [5.73350653]
 [5.20211354]
 [5.20211354]
 [5.23275253]
 [5.01253489]
 [5.03222625]
 [5.56289371]
 [5.08476422]
 [5.81371623]
 [5.81338586]
 [5.30480122]
 [5.81371623]
 [5.02657897]
 [5.92406588]
 [5.05040385]
 [5.01988093]
 [5.23046498]
 [5.05659032]
 [5.21073419]
 [4.895418  ]
 [5.86397365]
 [4.895418  ]
 [4.95740555]
 [5.21016059]
 [4.98078363]
 [5.27706474]
 [5.51628846]
 [5.2418697 ]
 [5.57015831]
 [5.57015831]
 [4.98047771]
 [5.03154269]
 [5.03154269]
 [4.7791682 ]
 [4.9664398 ]
 [5.17628109]
 [5.17628109]
 [5.3063496 ]
 [4.743424  ]
 [6.07304739]
 [5.64972244]
 [5.08323826]
 [5.26216814]
 [4.7582523 ]
 [5.17928122]
 [5.25315028]
 [4.95959014]
 [5.43392846]
 [5.75388232]
 [4.94835663]
 [4.94835663]
 [5.96279833]
 [5.09931589]
 [5.55248453]
 [5.90201867]
 [5.95541138]
 [5.40977186]
 [6.41341101]
 [5.40977186]
 [5.78351402]
 [5.4636445 ]
 [5.95541138]
 [5.41900562]
 [5.414172  ]
 [4.98429416]
 [5.414172  ]
 [6.18012492]
 [5.1014407 ]
 [4.92132893]
 [5.1014407 ]
 [4.94888288]
 [5.84618691]
 [5.69631452]
 [5.28535819]
 [5.28535819]
 [5.93664126]
 [5.73294539]
 [5.70560921]
 [5.89611543]
 [5.33945271]
 [5.02650014]
 [5.47144836]
 [5.21576829]
 [6.01673691]
 [6.01673691]
 [4.88207636]
 [5.73914962]
 [5.2062478 ]
 [5.39358638]
 [5.84392426]
 [5.03681823]
 [5.28868856]
 [5.8306569 ]
 [5.40543418]
 [5.04878927]
 [5.28868856]
 [5.20240853]
 [5.18411243]
 [5.82654972]
 [5.84392426]
 [5.83931801]
 [5.8475446 ]
 [4.71723317]
 [6.25813608]
 [5.60293721]
 [5.00393978]
 [4.71723317]
 [5.6799526 ]
 [6.05157045]
 [5.27567674]
 [5.17254705]
 [5.41985203]
 [5.46779453]
 [5.17204993]
 [5.17204993]
 [5.36311291]
 [5.73013932]
 [5.36311291]
 [5.08857685]
 [5.51086569]
 [6.30179088]
 [5.82992409]
 [5.31539827]
 [5.84882202]
 [5.97239543]
 [5.84882202]
 [5.98363652]
 [5.45502711]
 [5.8041859 ]
 [5.07872365]
 [5.8041859 ]
 [5.25136688]
 [5.64330502]
 [5.44309767]
 [5.16088347]
 [5.37877324]
 [5.43277652]
 [5.47676627]
 [5.30807171]
 [6.14748834]
 [5.47676627]
 [5.78188385]
 [4.90119446]
 [5.22341675]
 [5.57187568]
 [4.90119446]
 [5.82198715]
 [5.55659119]
 [5.82198715]
 [5.23898672]
 [5.0601746 ]
 [4.98852653]
 [5.51749017]
 [5.77793695]
 [5.20392734]
 [5.51119741]
 [5.77793695]
 [5.68176126]
 [5.75618514]
 [5.11649358]
 [5.37239273]
 [5.50738881]
 [5.04880459]
 [4.86187752]
 [4.86759096]
 [5.19163034]
 [5.38625437]
 [5.50030367]
 [5.40945272]
 [5.38625437]
 [4.94615014]
 [5.19163034]
 [5.26875278]
 [5.06674464]
 [5.17089467]
 [5.08702589]
 [5.73344598]
 [5.2474343 ]
 [5.40159282]
 [5.76384674]
 [5.3285579 ]
 [5.46727105]
 [4.8238535 ]
 [5.89663189]
 [5.13606543]
 [5.30365662]
 [5.19537905]
 [6.06337854]
 [5.27364187]
 [5.83169947]
 [5.54049456]
 [5.55113784]
 [6.30577721]
 [6.08635976]
 [5.31641525]
 [5.50850158]
 [5.97661736]
 [5.93463471]
 [6.03389728]
 [5.27901322]
 [5.22508673]
 [5.81412102]
 [5.23811556]
 [5.8221839 ]
 [5.64225154]
 [5.36133158]
 [5.8221839 ]
 [5.0790702 ]
 [4.92693036]
 [4.92693036]
 [4.92693036]
 [5.47705131]
 [5.47705131]
 [5.47705131]
 [5.65388447]
 [5.58771749]
 [5.47705131]
 [5.04545906]
 [5.68546688]
 [6.1096732 ]
 [5.74880333]
 [4.81765399]
 [5.86763019]
 [5.70937677]
 [6.13307451]
 [5.7833707 ]
 [6.11314887]
 [5.87321112]
 [5.73548863]
 [6.01659724]
 [5.73548863]
 [5.94335373]
 [4.7420939 ]
 [5.9176298 ]
 [5.82038797]
 [5.90776142]
 [5.55580046]
 [5.97451239]
 [5.00782523]
 [5.81814168]
 [5.78105928]
 [5.60465863]
 [5.11824968]
 [5.37918087]
 [5.5766401 ]
 [5.60465863]
 [5.22922836]
 [5.50407537]]