[[5.21860602]
 [5.82104691]
 [6.14889161]
 [5.6033245 ]
 [5.80573683]
 [5.80573683]
 [5.80573683]
 [5.72973728]
 [5.80573683]
 [5.76003562]
 [5.51552292]
 [4.88985379]
 [5.51552292]
 [5.80123698]
 [5.94876379]
 [6.23976885]
 [4.95313419]
 [6.27169223]
 [5.66731178]
 [5.90931983]
 [6.3625851 ]
 [6.3625851 ]
 [5.04466843]
 [6.60771319]
 [6.31599947]
 [5.14719471]
 [5.27716558]
 [5.4889608 ]
 [5.98429633]
 [4.98243304]
 [5.86929475]
 [5.59362569]
 [4.98243304]
 [5.49585092]
 [6.51386137]
 [6.00106726]
 [5.2255239 ]
 [6.51386137]
 [5.46158376]
 [6.14755183]
 [5.1544966 ]
 [5.59327285]
 [6.31399924]
 [5.0398211 ]
 [5.55423123]
 [5.55521285]
 [5.15467781]
 [5.55521285]
 [5.82902488]
 [5.8097165 ]
 [5.8097165 ]
 [5.23316587]
 [5.24792317]
 [5.24370671]
 [5.87513786]
 [5.68113222]
 [5.10137666]
 [5.51151808]
 [5.81779062]
 [5.81779062]
 [5.11079504]
 [5.88985091]
 [5.68972047]
 [5.45012944]
 [6.23578316]
 [5.44930978]
 [5.44930978]
 [6.58568725]
 [5.03052326]
 [6.172808  ]
 [6.39312494]
 [5.76579575]
 [5.69976918]
 [5.18053282]
 [5.88206038]
 [4.97260066]
 [6.30791717]
 [5.05043633]
 [4.97260066]
 [6.08912634]
 [5.48871226]
 [5.48871226]
 [5.80982857]
 [5.38947097]
 [5.70148322]
 [6.08360869]
 [6.29310545]
 [6.32135071]
 [5.1095653 ]
 [5.1095653 ]
 [5.74714326]
 [5.72386968]
 [6.11543701]
 [5.27765729]
 [5.72386968]
 [5.07689098]
 [5.07689098]
 [6.17949987]
 [6.0264239 ]
 [5.6918027 ]
 [6.07946576]
 [5.72250205]
 [5.92281674]
 [5.74275565]
 [4.84296834]
 [4.95869426]
 [5.45819748]
 [5.86552578]
 [5.45819748]
 [4.82546428]
 [4.95869426]
 [6.30835113]
 [5.52642147]
 [5.12060755]
 [5.13473973]
 [4.97040134]
 [5.86784365]
 [6.263468  ]
 [4.97040134]
 [5.01598109]
 [5.45170243]
 [5.80401126]
 [6.1981797 ]
 [5.8376385 ]
 [5.53364163]
 [5.53364163]
 [5.53364163]
 [5.53364163]
 [4.84965582]
 [4.96326108]
 [4.96326108]
 [5.11218908]
 [5.27599258]
 [5.30609599]
 [5.24301597]
 [6.22350466]
 [5.04089938]
 [5.04089938]
 [5.04089938]
 [5.54607597]
 [5.54607597]
 [5.54607597]
 [5.63056774]
 [5.54607597]
 [6.39912858]
 [5.55017396]
 [5.60987736]
 [5.21431618]
 [5.21431618]
 [5.69084952]
 [5.46972314]
 [5.74685347]
 [5.25652177]
 [5.25652177]
 [5.24647445]
 [5.01315313]
 [5.03778485]
 [5.64695313]
 [5.080606  ]
 [5.83838668]
 [5.83487319]
 [5.34901825]
 [5.83838668]
 [5.07387608]
 [5.94213198]
 [5.07614112]
 [5.04944546]
 [5.206369  ]
 [5.08834117]
 [5.26477666]
 [4.94057579]
 [5.91816428]
 [4.94057579]
 [4.96164858]
 [5.25462697]
 [4.95936728]
 [5.29081184]
 [5.57011377]
 [5.26381594]
 [5.58983049]
 [5.58983049]
 [4.99202111]
 [5.00981863]
 [5.00981863]
 [4.78253227]
 [4.9775115 ]
 [5.20312353]
 [5.20312353]
 [5.31727072]
 [4.72771736]
 [6.1082364 ]
 [5.65401849]
 [5.13121081]
 [5.32966363]
 [4.77789594]
 [5.21744675]
 [5.2964829 ]
 [4.93253508]
 [5.462961  ]
 [5.786518  ]
 [4.96253961]
 [4.96253961]
 [6.00191238]
 [5.14011842]
 [5.58239335]
 [5.95414501]
 [5.99406229]
 [5.48760974]
 [6.51412818]
 [5.48760974]
 [5.83461208]
 [5.51310699]
 [5.99406229]
 [5.43049437]
 [5.45532297]
 [5.03038962]
 [5.45532297]
 [6.24488138]
 [5.13686423]
 [4.92747417]
 [5.13686423]
 [5.02559574]
 [5.9330025 ]
 [5.72768669]
 [5.31593418]
 [5.31593418]
 [6.01902218]
 [5.76980388]
 [5.79427768]
 [5.99671078]
 [5.39333004]
 [5.05425205]
 [5.52942039]
 [5.23792508]
 [6.04950595]
 [6.04950595]
 [4.88864233]
 [5.76765925]
 [5.25690114]
 [5.41132397]
 [5.87791217]
 [5.0124841 ]
 [5.33974961]
 [5.87890706]
 [5.42337299]
 [5.02473279]
 [5.33974961]
 [5.27218845]
 [5.25584368]
 [5.8616309 ]
 [5.87791217]
 [5.89728278]
 [5.93671212]
 [4.72286982]
 [6.3039236 ]
 [5.66468876]
 [5.0142839 ]
 [4.72286982]
 [5.73166261]
 [6.11089922]
 [5.35886155]
 [5.22423855]
 [5.45650163]
 [5.5001783 ]
 [5.25274948]
 [5.25274948]
 [5.44694256]
 [5.78341981]
 [5.44694256]
 [5.15683339]
 [5.54392194]
 [6.36382319]
 [5.90185764]
 [5.35193229]
 [5.87979707]
 [6.01059988]
 [5.87979707]
 [6.02216244]
 [5.49697216]
 [5.84855374]
 [5.13150313]
 [5.84855374]
 [5.30293608]
 [5.69930232]
 [5.49670191]
 [5.17694594]
 [5.40758716]
 [5.49287831]
 [5.53041552]
 [5.36158013]
 [6.20855855]
 [5.53041552]
 [5.83415196]
 [4.91184619]
 [5.2625858 ]
 [5.60757117]
 [4.91184619]
 [5.87817151]
 [5.6140651 ]
 [5.87817151]
 [5.29624684]
 [5.11219181]
 [5.04162754]
 [5.57162488]
 [5.83412181]
 [5.25738954]
 [5.56456714]
 [5.83412181]
 [5.72182976]
 [5.8075457 ]
 [5.19326668]
 [5.41994053]
 [5.57208277]
 [5.10122627]
 [4.89036285]
 [4.89629576]
 [5.26597215]
 [5.46871578]
 [5.54527102]
 [5.44118494]
 [5.46871578]
 [4.96739984]
 [5.26597215]
 [5.35918395]
 [5.14283871]
 [5.22844451]
 [5.13856431]
 [5.7691574 ]
 [5.31623271]
 [5.47672119]
 [5.82527504]
 [5.3572747 ]
 [5.50875853]
 [4.84000219]
 [5.92214884]
 [5.17478031]
 [5.38275541]
 [5.25885946]
 [6.09442994]
 [5.36296287]
 [5.85056071]
 [5.59659112]
 [5.64478804]
 [6.38105748]
 [6.15723198]
 [5.35851634]
 [5.54749868]
 [5.99893024]
 [5.99624505]
 [6.07588818]
 [5.3197689 ]
 [5.2708754 ]
 [5.89863228]
 [5.28565471]
 [5.85319311]
 [5.67793706]
 [5.39680965]
 [5.85319311]
 [5.07321876]
 [4.92568966]
 [4.92568966]
 [4.92568966]
 [5.51895714]
 [5.51895714]
 [5.51895714]
 [5.73779326]
 [5.67317464]
 [5.51895714]
 [5.1218443 ]
 [5.72690183]
 [6.16468811]
 [5.78311719]
 [4.80156483]
 [5.90543804]
 [5.69885381]
 [6.20247589]
 [5.82314892]
 [6.12747709]
 [5.93112875]
 [5.80826927]
 [6.04661474]
 [5.80826927]
 [5.9662266 ]
 [4.73359946]
 [5.99175492]
 [5.88758918]
 [6.0017806 ]
 [5.60186541]
 [5.99311224]
 [5.01233894]
 [5.90675485]
 [5.81720056]
 [5.70035441]
 [5.19868541]
 [5.45989218]
 [5.6579157 ]
 [5.70035441]
 [5.30511631]
 [5.55060424]]