[[5.19678871]
 [5.79622561]
 [6.12015605]
 [5.5251958 ]
 [5.74913747]
 [5.74913747]
 [5.74913747]
 [5.65606153]
 [5.74913747]
 [5.77547065]
 [5.50062259]
 [4.82484862]
 [5.50062259]
 [5.78603062]
 [5.92489006]
 [6.24062369]
 [4.90507192]
 [6.18768046]
 [5.66761631]
 [5.83380902]
 [6.32779031]
 [6.32779031]
 [4.96553619]
 [6.58856178]
 [6.29866147]
 [5.0783645 ]
 [5.22049745]
 [5.47915636]
 [5.91300901]
 [4.92338693]
 [5.83558358]
 [5.52488377]
 [4.92338693]
 [5.4721665 ]
 [6.49105614]
 [5.95463686]
 [5.20935162]
 [6.49105614]
 [5.47561527]
 [6.14268309]
 [5.09433561]
 [5.50896291]
 [6.30295857]
 [4.99170542]
 [5.44414885]
 [5.54786007]
 [5.11879851]
 [5.54786007]
 [5.80152967]
 [5.77705029]
 [5.77705029]
 [5.15899484]
 [5.23741671]
 [5.23291208]
 [5.85949524]
 [5.61450715]
 [5.06091245]
 [5.48783188]
 [5.82034016]
 [5.82034016]
 [5.05443327]
 [5.90367286]
 [5.60304451]
 [5.45660687]
 [6.16411988]
 [5.43455004]
 [5.43455004]
 [6.56621924]
 [4.9651732 ]
 [6.09004041]
 [6.31475493]
 [5.69107422]
 [5.63899886]
 [5.13648396]
 [5.87213503]
 [4.91546147]
 [6.31394228]
 [5.03643794]
 [4.91546147]
 [6.06050701]
 [5.41560565]
 [5.41560565]
 [5.80185683]
 [5.33933645]
 [5.68797668]
 [6.02912552]
 [6.29507582]
 [6.29775578]
 [5.04787769]
 [5.04787769]
 [5.72384658]
 [5.6448557 ]
 [6.13090234]
 [5.26437221]
 [5.6448557 ]
 [5.04558063]
 [5.04558063]
 [6.18636459]
 [6.00049989]
 [5.67420688]
 [6.09071869]
 [5.66750542]
 [5.91501977]
 [5.65850047]
 [4.77776813]
 [4.87959625]
 [5.37422185]
 [5.87726102]
 [5.37422185]
 [4.75821033]
 [4.87959625]
 [6.33356525]
 [5.50809309]
 [5.06410893]
 [5.06404649]
 [4.89759376]
 [5.85035826]
 [6.26166634]
 [4.89759376]
 [4.96096869]
 [5.3923164 ]
 [5.78666348]
 [6.17536102]
 [5.77004673]
 [5.52023121]
 [5.52023121]
 [5.52023121]
 [5.52023121]
 [4.83121854]
 [4.89023631]
 [4.89023631]
 [5.04466052]
 [5.2851218 ]
 [5.28036583]
 [5.22724513]
 [6.2099734 ]
 [5.03896396]
 [5.03896396]
 [5.03896396]
 [5.54499383]
 [5.54499383]
 [5.54499383]
 [5.62421126]
 [5.54499383]
 [6.37953047]
 [5.55807754]
 [5.59644367]
 [5.19957628]
 [5.19957628]
 [5.65376264]
 [5.39032612]
 [5.7543526 ]
 [5.22111108]
 [5.22111108]
 [5.26101502]
 [5.03565286]
 [5.066426  ]
 [5.57136312]
 [5.01956212]
 [5.84075917]
 [5.82684893]
 [5.32226498]
 [5.84075917]
 [5.03439668]
 [5.95631797]
 [5.06323735]
 [5.03633077]
 [5.15114464]
 [5.02755656]
 [5.24601875]
 [4.89231534]
 [5.90980258]
 [4.89231534]
 [4.89020794]
 [5.2488614 ]
 [4.89830562]
 [5.29982722]
 [5.50467152]
 [5.27052767]
 [5.59137306]
 [5.59137306]
 [5.01700953]
 [4.9385808 ]
 [4.9385808 ]
 [4.70953555]
 [4.90496734]
 [5.21081907]
 [5.21081907]
 [5.33752315]
 [4.65468776]
 [6.11519917]
 [5.67713294]
 [5.11564711]
 [5.27222275]
 [4.71789145]
 [5.20587287]
 [5.27999462]
 [4.86758703]
 [5.46790966]
 [5.79468812]
 [4.82243635]
 [4.82243635]
 [5.99923134]
 [5.13171614]
 [5.56597265]
 [5.94516437]
 [6.0008847 ]
 [5.44466112]
 [6.4377692 ]
 [5.44466112]
 [5.82380086]
 [5.50422572]
 [6.0008847 ]
 [5.36859403]
 [5.44405131]
 [5.01976078]
 [5.44405131]
 [6.22834692]
 [5.13016689]
 [4.80741823]
 [5.13016689]
 [4.95340713]
 [5.87655667]
 [5.73840176]
 [5.31347899]
 [5.31347899]
 [5.94371906]
 [5.76875531]
 [5.71244781]
 [5.91282705]
 [5.34805561]
 [5.00269087]
 [5.51249473]
 [5.24740129]
 [5.9869428 ]
 [5.9869428 ]
 [4.79938606]
 [5.76313536]
 [5.23994909]
 [5.32691301]
 [5.88174955]
 [4.94574518]
 [5.33215647]
 [5.87019439]
 [5.33881512]
 [4.95778299]
 [5.33215647]
 [5.22506268]
 [5.21168951]
 [5.86337358]
 [5.88174955]
 [5.8803211 ]
 [5.87736112]
 [4.64418542]
 [6.28855259]
 [5.64457099]
 [4.94488552]
 [4.64418542]
 [5.71511435]
 [6.09190682]
 [5.28457137]
 [5.21242092]
 [5.45738258]
 [5.48599835]
 [5.20211291]
 [5.20211291]
 [5.37950734]
 [5.77870775]
 [5.37950734]
 [5.09742232]
 [5.53987351]
 [6.354915  ]
 [5.85099968]
 [5.33362096]
 [5.82950687]
 [5.94375584]
 [5.82950687]
 [5.95548603]
 [5.51150835]
 [5.84470291]
 [5.11751167]
 [5.84470291]
 [5.28808511]
 [5.67516123]
 [5.48141574]
 [5.1932577 ]
 [5.41758712]
 [5.47527554]
 [5.51572365]
 [5.34790452]
 [6.18865862]
 [5.51572365]
 [5.82129033]
 [4.77195481]
 [5.2590788 ]
 [5.60899038]
 [4.77195481]
 [5.86513255]
 [5.59952036]
 [5.86513255]
 [5.27862675]
 [5.05354791]
 [5.0007535 ]
 [5.56079724]
 [5.81452395]
 [5.24196599]
 [5.55193149]
 [5.81452395]
 [5.72788099]
 [5.79190702]
 [5.13026922]
 [5.41758244]
 [5.55676007]
 [5.04854389]
 [4.85265835]
 [4.85881295]
 [5.19989351]
 [5.41105155]
 [5.5364927 ]
 [5.44760518]
 [5.41105155]
 [4.97902234]
 [5.19989351]
 [5.28234865]
 [5.07673383]
 [5.21010001]
 [5.10492513]
 [5.78031215]
 [5.25312134]
 [5.43507577]
 [5.80725353]
 [5.36669903]
 [5.52142   ]
 [4.76296962]
 [5.93280676]
 [5.15782631]
 [5.31775712]
 [5.23860701]
 [6.11004052]
 [5.29036991]
 [5.87107752]
 [5.54870072]
 [5.59160511]
 [6.3655606 ]
 [6.13879713]
 [5.35583022]
 [5.55114863]
 [6.01834816]
 [5.93633254]
 [6.08903774]
 [5.32392932]
 [5.27065028]
 [5.83198363]
 [5.28492393]
 [5.87482534]
 [5.68786099]
 [5.40627874]
 [5.87482534]
 [4.97909112]
 [4.81181946]
 [4.81181946]
 [4.81181946]
 [5.52171661]
 [5.52171661]
 [5.52171661]
 [5.68148476]
 [5.59604331]
 [5.52171661]
 [5.0616556 ]
 [5.7265708 ]
 [6.15531064]
 [5.79147809]
 [4.73441695]
 [5.89004605]
 [5.63336236]
 [6.18373007]
 [5.82124302]
 [6.16408683]
 [5.92487596]
 [5.7825981 ]
 [6.05663986]
 [5.7825981 ]
 [5.98593797]
 [4.67049509]
 [5.9647559 ]
 [5.83523175]
 [5.92676367]
 [5.59739164]
 [5.90072064]
 [4.95650188]
 [5.86505474]
 [5.82132526]
 [5.64388227]
 [5.15139386]
 [5.4065179 ]
 [5.60999979]
 [5.64388227]
 [5.25753764]
 [5.52353024]]