[[5.09034296]
 [5.62437104]
 [5.99001288]
 [6.6142462 ]
 [6.10390284]
 [6.10390284]
 [6.10390284]
 [6.29077635]
 [6.10390284]
 [5.77270603]
 [5.43556819]
 [5.04130436]
 [5.43556819]
 [5.81903048]
 [5.95752052]
 [6.72728186]
 [4.13443493]
 [7.19011963]
 [5.66279655]
 [6.3249447 ]
 [6.68831265]
 [6.68831265]
 [5.29994452]
 [6.71614608]
 [6.70380863]
 [4.90285764]
 [6.12289123]
 [5.66758434]
 [4.63904561]
 [4.79192892]
 [5.46007035]
 [6.85301618]
 [4.79192892]
 [5.9510163 ]
 [6.35132663]
 [4.96712325]
 [5.24553828]
 [6.35132663]
 [5.72116397]
 [6.19837421]
 [6.08440558]
 [6.17936244]
 [6.34625011]
 [4.22125657]
 [7.80355842]
 [5.64375059]
 [5.01327329]
 [5.64375059]
 [6.1696569 ]
 [6.29907227]
 [6.29907227]
 [5.60705288]
 [5.16633253]
 [5.2011431 ]
 [6.19724213]
 [5.94237472]
 [6.5671271 ]
 [4.87028696]
 [5.8496822 ]
 [5.8496822 ]
 [5.25052616]
 [6.03245965]
 [6.63551563]
 [5.72343069]
 [6.55188086]
 [5.58761088]
 [5.58761088]
 [6.85598094]
 [5.15738939]
 [5.44806783]
 [5.91847446]
 [5.61659323]
 [5.85862773]
 [6.41940436]
 [6.03128889]
 [4.24645674]
 [6.40331442]
 [4.92631743]
 [4.24645674]
 [5.94372278]
 [5.89769415]
 [5.89769415]
 [5.81068718]
 [5.14848526]
 [5.84182872]
 [6.61948275]
 [6.38580966]
 [6.06394187]
 [4.47319968]
 [4.47319968]
 [5.60384243]
 [5.92273538]
 [5.96768981]
 [5.22626217]
 [5.92273538]
 [6.98337005]
 [6.98337005]
 [6.20282549]
 [5.77652679]
 [5.5652663 ]
 [5.87476188]
 [5.45836344]
 [5.86974998]
 [5.88949894]
 [4.77551456]
 [4.59279047]
 [5.13661201]
 [6.06843748]
 [5.13661201]
 [5.1199949 ]
 [4.59279047]
 [6.1695973 ]
 [5.49737724]
 [4.88911685]
 [5.06028421]
 [4.22011852]
 [5.2600682 ]
 [6.15996944]
 [4.22011852]
 [5.03114994]
 [4.72059166]
 [5.15159247]
 [6.1878797 ]
 [5.99838775]
 [5.66014973]
 [5.66014973]
 [5.66014973]
 [5.66014973]
 [4.75567894]
 [4.20838095]
 [4.20838095]
 [5.8618086 ]
 [5.23291275]
 [5.25509769]
 [5.13457069]
 [6.17411711]
 [5.15164955]
 [5.15164955]
 [5.15164955]
 [5.58448158]
 [5.58448158]
 [5.58448158]
 [5.86363705]
 [5.58448158]
 [6.6402223 ]
 [5.63601748]
 [5.34930103]
 [5.15072437]
 [5.15072437]
 [5.91280538]
 [6.03881494]
 [5.13875003]
 [4.89122745]
 [4.89122745]
 [5.07548119]
 [4.46753853]
 [4.48706027]
 [5.73738445]
 [6.87856982]
 [6.08777784]
 [5.86992775]
 [5.13151248]
 [6.08777784]
 [4.55028069]
 [5.66828054]
 [4.90706569]
 [4.70238646]
 [4.15955042]
 [4.59511022]
 [5.03059004]
 [4.54442105]
 [5.84346197]
 [4.54442105]
 [5.4131128 ]
 [5.40972286]
 [4.10192014]
 [5.13057487]
 [4.96766329]
 [5.24524054]
 [5.51150447]
 [5.51150447]
 [4.65015874]
 [4.53486615]
 [4.53486615]
 [4.2476989 ]
 [5.5284525 ]
 [5.20146012]
 [5.20146012]
 [4.9476244 ]
 [4.66727074]
 [5.91522104]
 [5.28211921]
 [5.00434951]
 [5.241223  ]
 [4.97154662]
 [5.18984542]
 [5.2748135 ]
 [4.18791502]
 [5.53978696]
 [5.74859462]
 [4.83846489]
 [4.83846489]
 [5.71827904]
 [5.03241793]
 [5.37752175]
 [6.17525397]
 [6.20594329]
 [6.63578365]
 [7.30583852]
 [6.63578365]
 [5.54094977]
 [5.41183982]
 [6.20594329]
 [4.6917388 ]
 [5.58295172]
 [4.9710411 ]
 [5.58295172]
 [6.47308411]
 [5.00433843]
 [4.70343948]
 [5.00433843]
 [5.24745202]
 [6.96894986]
 [5.81173949]
 [5.37620781]
 [5.37620781]
 [5.90855476]
 [5.60428038]
 [6.13234376]
 [6.8060826 ]
 [5.39450961]
 [4.32646037]
 [5.20597469]
 [5.15384625]
 [9.20223698]
 [9.20223698]
 [5.00947881]
 [5.89829299]
 [5.0463201 ]
 [5.26372838]
 [5.98907804]
 [4.46571199]
 [5.66275136]
 [5.64747535]
 [5.27215622]
 [4.47307034]
 [5.66275136]
 [5.62932273]
 [6.54883438]
 [5.96079718]
 [5.98907804]
 [5.88026819]
 [6.80859991]
 [4.68779917]
 [6.57359346]
 [5.51297503]
 [5.39610577]
 [4.68779917]
 [5.72773599]
 [5.93499733]
 [5.96667225]
 [5.08635288]
 [5.52611193]
 [5.39392037]
 [6.09117902]
 [6.09117902]
 [6.09736823]
 [6.01641891]
 [6.09736823]
 [5.30723397]
 [5.77720485]
 [6.21761888]
 [6.22575819]
 [4.9666897 ]
 [8.66465795]
 [4.6138417 ]
 [8.66465795]
 [4.62165559]
 [5.61471111]
 [5.99387333]
 [4.90626579]
 [5.99387333]
 [5.14151469]
 [5.56655895]
 [5.30782619]
 [5.10193263]
 [5.35229382]
 [5.36404039]
 [5.20362832]
 [5.15360383]
 [5.95315348]
 [5.20362832]
 [5.4844739 ]
 [4.72611197]
 [5.35377165]
 [5.74942208]
 [4.72611197]
 [5.70649321]
 [5.47159308]
 [5.70649321]
 [5.27558394]
 [5.25167793]
 [4.72707644]
 [5.38845123]
 [5.66150317]
 [5.13260128]
 [5.40713001]
 [5.66150317]
 [6.01934614]
 [5.69775431]
 [5.60630876]
 [5.90268496]
 [5.58344833]
 [4.59004119]
 [4.65245202]
 [4.65684625]
 [5.23127712]
 [6.11114689]
 [5.48142964]
 [5.58557287]
 [6.11114689]
 [4.99294125]
 [5.23127712]
 [5.68881486]
 [5.2614125 ]
 [5.46433688]
 [5.34479743]
 [5.90030677]
 [5.36496784]
 [6.98100355]
 [5.6924021 ]
 [5.39497974]
 [5.98753633]
 [5.1757656 ]
 [5.83237161]
 [5.30528093]
 [5.58214207]
 [5.50338949]
 [6.08169258]
 [6.08882998]
 [5.72917501]
 [5.60539555]
 [6.44213074]
 [6.80626989]
 [6.28778125]
 [5.53131787]
 [5.84058049]
 [5.79041012]
 [6.43684421]
 [6.29490595]
 [5.71536237]
 [5.73181683]
 [6.51495662]
 [5.74474239]
 [5.97613158]
 [5.82364188]
 [5.50927412]
 [5.97613158]
 [7.66462658]
 [4.66207448]
 [4.66207448]
 [4.66207448]
 [5.65462688]
 [5.65462688]
 [5.65462688]
 [6.15174326]
 [5.77093877]
 [5.65462688]
 [5.61930218]
 [5.59522394]
 [6.21242602]
 [5.85320859]
 [4.85454002]
 [5.37042689]
 [5.62012249]
 [6.21125695]
 [6.05910364]
 [6.22916401]
 [5.95596424]
 [6.26560215]
 [5.88188931]
 [6.26560215]
 [5.86009815]
 [4.57581223]
 [6.4880754 ]
 [6.03392525]
 [6.63804501]
 [5.73203929]
 [5.676423  ]
 [5.53567094]
 [6.43581857]
 [5.73957209]
 [6.41223477]
 [6.06765456]
 [6.2977284 ]
 [6.76508622]
 [6.41223477]
 [6.15847065]
 [5.59726527]]