[[5.30594375]
 [5.8228526 ]
 [6.1897151 ]
 [5.80294352]
 [5.56136311]
 [5.56136311]
 [5.56136311]
 [5.81454682]
 [5.56136311]
 [5.5331572 ]
 [5.47425184]
 [4.68403715]
 [5.47425184]
 [6.04959106]
 [6.16281469]
 [6.3631779 ]
 [4.77507203]
 [6.00392624]
 [5.66667153]
 [5.83956402]
 [6.45961494]
 [6.45961494]
 [5.10015276]
 [6.79141246]
 [6.89357471]
 [5.18634683]
 [5.22961646]
 [5.68727654]
 [5.28285938]
 [4.86874133]
 [5.48279521]
 [5.56469911]
 [4.86874133]
 [5.72671901]
 [6.30753985]
 [5.86450272]
 [5.31978303]
 [6.30753985]
 [5.52779225]
 [5.94588015]
 [5.06160966]
 [5.64889065]
 [6.18727619]
 [4.91348303]
 [6.46745616]
 [5.41396384]
 [4.92866914]
 [5.41396384]
 [5.65897892]
 [5.69074323]
 [5.69074323]
 [5.06455366]
 [5.30916777]
 [5.39429878]
 [5.78825403]
 [5.25669491]
 [5.37002535]
 [5.19106127]
 [5.5793116 ]
 [5.5793116 ]
 [5.1060492 ]
 [5.71491414]
 [5.73846294]
 [5.51917042]
 [6.02243987]
 [5.31058198]
 [5.31058198]
 [6.85984122]
 [4.82518296]
 [5.55543439]
 [5.56168771]
 [5.43073257]
 [5.23629457]
 [5.46704446]
 [5.74196641]
 [4.84257457]
 [6.42766136]
 [5.12239399]
 [4.84257457]
 [6.24753056]
 [5.21901144]
 [5.21901144]
 [5.75991393]
 [5.28857856]
 [5.49949064]
 [6.27551107]
 [6.08110625]
 [6.31484   ]
 [5.17389382]
 [5.17389382]
 [5.75091307]
 [5.51907122]
 [5.70766637]
 [5.35978806]
 [5.51907122]
 [5.38508119]
 [5.38508119]
 [5.95881038]
 [5.69277363]
 [5.73304656]
 [5.57029955]
 [5.33071424]
 [6.11348889]
 [5.52511479]
 [4.78712707]
 [4.91237602]
 [5.53058957]
 [5.72330331]
 [5.53058957]
 [4.70380338]
 [4.91237602]
 [5.95456959]
 [5.36206049]
 [4.90177935]
 [4.94962643]
 [4.87086319]
 [5.22027447]
 [6.19583802]
 [4.87086319]
 [5.08531821]
 [5.39862839]
 [5.11811945]
 [6.31980035]
 [5.73103917]
 [5.3198145 ]
 [5.3198145 ]
 [5.3198145 ]
 [5.3198145 ]
 [4.62691332]
 [4.85861646]
 [4.85861646]
 [5.11231364]
 [5.32884716]
 [5.22824145]
 [5.31031833]
 [5.82104574]
 [4.87633654]
 [4.87633654]
 [4.87633654]
 [5.41072456]
 [5.41072456]
 [5.41072456]
 [5.55250065]
 [5.41072456]
 [6.80690861]
 [5.54070668]
 [5.48809217]
 [5.26205699]
 [5.26205699]
 [5.44585745]
 [5.4810323 ]
 [5.30962217]
 [4.98797221]
 [4.98797221]
 [5.12047255]
 [4.64724441]
 [4.70827515]
 [5.3876426 ]
 [5.38644774]
 [6.21770751]
 [5.8091583 ]
 [5.15803041]
 [6.21770751]
 [4.89263287]
 [5.63960734]
 [4.89560042]
 [4.76811157]
 [4.97958461]
 [4.95675299]
 [5.22148853]
 [4.90619894]
 [5.96037398]
 [4.90619894]
 [5.05346897]
 [5.12279095]
 [4.84376679]
 [5.22895887]
 [5.05067464]
 [5.14644731]
 [5.41408164]
 [5.41408164]
 [4.84465998]
 [5.12995882]
 [5.12995882]
 [4.68733599]
 [5.0752051 ]
 [5.16474935]
 [5.16474935]
 [5.0131751 ]
 [4.92486698]
 [5.66377903]
 [5.47878728]
 [5.20118658]
 [5.16715926]
 [4.68464588]
 [5.45286127]
 [5.51478278]
 [4.92618199]
 [5.33054454]
 [5.61539902]
 [5.5074883 ]
 [5.5074883 ]
 [5.8655335 ]
 [5.24845717]
 [5.34364875]
 [5.8371339 ]
 [6.06332117]
 [5.49081385]
 [6.31744776]
 [5.49081385]
 [5.71347755]
 [5.36165045]
 [6.06332117]
 [5.38480597]
 [5.84262545]
 [4.9109233 ]
 [5.84262545]
 [6.02897388]
 [5.24552338]
 [5.37739232]
 [5.24552338]
 [4.89990873]
 [5.84426907]
 [5.50623498]
 [5.38695099]
 [5.38695099]
 [5.6817412 ]
 [5.69717135]
 [5.52367282]
 [5.74382273]
 [5.16915087]
 [4.84110558]
 [5.41320492]
 [5.00765301]
 [6.98089333]
 [6.98089333]
 [5.18660959]
 [5.58674115]
 [5.26131925]
 [5.26607884]
 [5.74601775]
 [5.04616254]
 [5.2903923 ]
 [5.64900726]
 [5.27442342]
 [5.05406589]
 [5.2903923 ]
 [5.09289828]
 [5.42535084]
 [5.72076014]
 [5.74601775]
 [5.93217751]
 [5.73662543]
 [4.78190352]
 [6.73855932]
 [5.51392116]
 [4.86442025]
 [4.78190352]
 [5.77320688]
 [6.1137921 ]
 [5.06150997]
 [5.18136757]
 [5.28753921]
 [5.22851303]
 [5.10788283]
 [5.10788283]
 [5.24085273]
 [5.61675117]
 [5.24085273]
 [4.9831211 ]
 [5.80828162]
 [6.17607316]
 [5.72149985]
 [4.91836585]
 [6.65972063]
 [5.32860845]
 [6.65972063]
 [5.33682747]
 [5.57196655]
 [5.88282224]
 [5.02102014]
 [5.88282224]
 [5.35383524]
 [5.76799743]
 [5.48998356]
 [5.07049367]
 [5.25599796]
 [5.30769108]
 [5.36337148]
 [5.30763388]
 [6.04741297]
 [5.36337148]
 [5.58913742]
 [5.4695157 ]
 [5.09066682]
 [5.48747226]
 [5.4695157 ]
 [5.78734651]
 [5.54587793]
 [5.78734651]
 [5.38231444]
 [5.05173225]
 [4.82958687]
 [5.4782655 ]
 [5.83621595]
 [5.25802084]
 [5.54151201]
 [5.83621595]
 [5.71581582]
 [5.7767156 ]
 [4.93249123]
 [5.50442287]
 [5.47402509]
 [4.7692824 ]
 [4.74766552]
 [4.75195948]
 [4.92672765]
 [5.2799611 ]
 [5.51244114]
 [5.31090597]
 [5.2799611 ]
 [4.90481608]
 [4.92672765]
 [5.06722137]
 [4.80593675]
 [5.09154336]
 [4.99799789]
 [5.64825664]
 [5.18812957]
 [5.80449487]
 [5.64473391]
 [5.14635292]
 [5.65062425]
 [4.91942651]
 [5.63275111]
 [5.05939847]
 [5.01991542]
 [5.02000017]
 [5.78610242]
 [5.16315633]
 [5.53609676]
 [5.34858104]
 [5.65780614]
 [6.7856668 ]
 [6.2136573 ]
 [5.23733194]
 [5.51513955]
 [5.6315923 ]
 [6.13583278]
 [6.0139208 ]
 [5.37649383]
 [5.35721269]
 [5.50131004]
 [5.37308607]
 [5.69895502]
 [5.57190189]
 [5.3192112 ]
 [5.69895502]
 [5.77767028]
 [5.35286608]
 [5.35286608]
 [5.35286608]
 [5.50306537]
 [5.50306537]
 [5.50306537]
 [5.45559953]
 [5.30838981]
 [5.50306537]
 [4.97740325]
 [5.37107502]
 [5.82963865]
 [5.57365846]
 [4.96878763]
 [5.34567686]
 [5.57491157]
 [6.10947852]
 [5.81190264]
 [5.87124983]
 [5.80042241]
 [5.69368213]
 [5.84200794]
 [5.69368213]
 [5.61791596]
 [4.73905322]
 [5.90371844]
 [5.60272465]
 [5.69778194]
 [5.37183512]
 [5.72506257]
 [5.0309047 ]
 [5.77850289]
 [5.43878763]
 [5.59126008]
 [5.30432066]
 [5.37769706]
 [5.64254101]
 [5.59126008]
 [5.23442649]
 [5.23453667]]