tensor([136.8860, 139.2260, 131.7960, 128.3060, 126.8460, 124.3560, 124.1660,
        123.4660, 121.9960, 117.9960, 115.8570, 117.9270, 117.9670, 120.6570,
        123.2270, 134.2470, 140.9870, 131.8170, 127.1970, 126.0970, 124.1270,
        123.9170, 125.7270, 123.1270, 121.6570, 116.0660, 117.3860, 120.7160,
        123.4160, 129.7760, 137.0260, 137.0760, 128.4160, 126.4460, 122.2160,
        121.2560, 121.3060, 120.8560, 119.6460, 118.8160, 124.1550, 126.8050,
        128.8250, 130.3350, 131.7250, 132.0950, 132.5950, 131.9550, 130.9350,
        130.7950, 129.3950, 125.4650, 123.3050, 119.3750, 126.1700, 127.9200,
        129.8000, 131.4300, 132.0500, 132.5400, 133.0400, 131.7800, 129.5000,
        128.3600, 127.7300, 124.4500, 121.9300, 119.9100, 125.4010, 128.4010,
        130.7810, 132.2710, 133.2610, 133.2510, 132.6110, 130.9610, 127.8010,
        126.0210, 125.6310, 122.3410, 119.5610, 126.4130, 129.0530, 131.3130,
        133.0630, 133.5530, 133.1530, 132.0030, 129.9730, 126.9330, 124.3930,
        124.2530, 120.1930, 115.8930, 131.0740, 131.4340, 132.3040, 133.6640,
        134.0340, 133.8940, 132.1140, 128.7040, 127.0540, 124.9040, 121.2340,
        116.6940, 126.5990, 129.1190, 131.1290, 132.7690, 133.6490, 133.6490,
        132.8890, 130.6290, 127.2290, 124.8390, 123.8390, 120.5690, 115.6590,
        127.2510, 129.9910, 131.9710, 133.2110, 133.0710, 132.3010, 130.7910,
        128.4010, 124.8810, 122.3710, 120.8510, 118.0910, 115.3210, 128.9520,
        131.3620, 133.0120, 134.0220, 133.4020, 131.6420, 130.3920, 128.2520,
        124.8520, 122.0820, 120.7020, 117.4320, 131.4480, 134.4780, 136.7580,
        137.6580, 136.6780, 134.5680, 131.4580, 124.4580, 129.3430, 133.0230,
        135.9530, 137.2330, 136.8830, 133.6530, 129.6530, 124.2730, 128.2950,
        130.9550, 133.3550, 134.6250, 134.5150, 132.3950, 127.3750, 122.2350,
        126.2660, 128.2960, 130.2060, 132.1160, 132.8860, 131.6360, 129.2560,
        124.3460, 120.4460, 133.5030, 134.5330, 136.5830, 138.1230, 138.5230,
        138.4230, 137.8130, 135.4330, 132.7930, 128.7630, 124.2330, 123.6230,
        123.2630, 120.2430, 116.7230, 117.2530, 133.4200, 134.3400, 135.3800,
        135.5400, 133.7900, 131.9200, 130.9400, 129.5800, 127.7100, 123.8200,
        119.0400, 119.1900, 119.3500, 116.2200, 113.0800, 113.1100, 130.5880,
        131.5680, 137.0680, 139.4280, 140.1580, 135.3680, 127.3180, 127.9280,
        126.6480, 124.7480, 122.2180, 121.3180, 120.7980, 118.0180, 116.1080,
        113.9580, 132.3040, 133.2940, 135.6740, 136.4140, 133.7740, 124.2440,
        125.1140, 125.4840, 124.2140, 121.8240, 118.5640, 117.0540, 116.9140,
        114.4040, 112.0140, 110.1240, 128.5450, 129.6750, 129.4150, 128.2650,
        122.2050, 121.3150, 122.3150, 122.4350, 121.1650, 117.8750, 114.0850,
        113.3150, 113.0550, 110.9050, 108.6250, 107.9850, 124.9870, 125.8570,
        124.7170, 123.2070, 118.6670, 119.2870, 120.0370, 119.7770, 118.7670,
        114.4770, 110.4470, 110.3170, 110.3070, 108.4070, 107.1470, 107.2670,
        130.8980, 132.1580, 133.8080, 134.0580, 130.6380, 122.2880, 124.1880,
        124.4380, 123.1780, 121.5280, 119.8880, 118.9980, 116.4680, 113.2980,
        123.5140, 124.6440, 122.7540, 120.4840, 115.3040, 118.0840, 118.9640,
        119.2240, 118.2140, 114.5540, 110.8940, 110.2640, 109.2540, 106.6040,
        106.2240, 104.2040], dtype=torch.float64)