[[0.52019575]
 [0.52461004]
 [0.52752769]
 [0.52735704]
 [0.52829548]
 [0.52915384]
 [0.53590393]
 [0.53046548]
 [0.53022818]
 [0.53175127]
 [0.53198571]
 [0.53903295]
 [0.53236961]
 [0.53042197]
 [0.53225065]
 [0.53355376]
 [0.5359576 ]
 [0.53886065]
 [0.5321402 ]
 [0.53353297]
 [0.53586748]
 [0.53730834]
 [0.53550664]
 [0.53949063]
 [0.53829835]
 [0.53828016]
 [0.54232825]
 [0.54250416]
 [0.53959852]
 [0.54275571]
 [0.54144352]
 [0.54487312]
 [0.54843583]
 [0.54160563]
 [0.54383569]
 [0.5445171 ]
 [0.54596674]
 [0.54528689]
 [0.5473974 ]
 [0.54662356]
 [0.54986215]
 [0.55278237]
 [0.54344695]
 [0.55148378]
 [0.55246696]
 [0.55085927]
 [0.55407278]
 [0.55367963]
 [0.55330186]
 [0.55620907]
 [0.54536368]
 [0.55613337]
 [0.5538164 ]
 [0.5535362 ]
 [0.54889384]
 [0.55200665]
 [0.55526602]
 [0.55586964]
 [0.56205833]
 [0.55436008]
 [0.55165549]
 [0.56007342]
 [0.56247446]
 [0.56271288]
 [0.55704628]
 [0.55917566]
 [0.56494301]
 [0.56426832]
 [0.56018221]
 [0.56875503]
 [0.55870643]
 [0.56500039]
 [0.56292433]
 [0.56048056]
 [0.56131037]
 [0.57246058]
 [0.56192541]
 [0.56645171]
 [0.56582522]
 [0.56845821]
 [0.56257556]
 [0.57266367]
 [0.57040492]
 [0.57326315]
 [0.5697198 ]
 [0.57068487]
 [0.56630635]
 [0.56691024]
 [0.57237824]
 [0.57262484]
 [0.57492606]
 [0.57008059]
 [0.57638618]
 [0.57757713]
 [0.58113532]
 [0.57680225]
 [0.57908909]
 [0.57865999]
 [0.58017405]
 [0.57882604]
 [0.58125645]
 [0.58353613]
 [0.57811842]
 [0.57954157]
 [0.58279891]
 [0.57723078]
 [0.5841496 ]
 [0.58120066]
 [0.59181537]
 [0.58602711]
 [0.5874344 ]
 [0.57629661]
 [0.58902799]
 [0.58388803]
 [0.58754051]
 [0.58779244]
 [0.58999409]
 [0.58935017]
 [0.58910903]
 [0.58974576]
 [0.59084876]
 [0.59513994]
 [0.56927646]
 [0.58746737]
 [0.5929856 ]
 [0.59237785]
 [0.59117534]
 [0.58972736]
 [0.59224108]
 [0.58401021]
 [0.59211415]
 [0.59498285]
 [0.58553395]
 [0.59731386]
 [0.59637586]
 [0.59998342]
 [0.58741229]
 [0.59662076]
 [0.59970751]
 [0.59639481]
 [0.60229107]
 [0.60134576]
 [0.60311333]
 [0.60127643]
 [0.6017996 ]
 [0.58410127]
 [0.6028471 ]
 [0.60759456]
 [0.60792415]
 [0.60274496]
 [0.60583034]
 [0.60521704]
 [0.60656048]
 [0.60765199]
 [0.60820879]
 [0.60875124]
 [0.60831343]
 [0.61092173]
 [0.61216567]
 [0.6094767 ]
 [0.6026958 ]
 [0.61627941]
 [0.61644855]
 [0.61005236]
 [0.6141071 ]
 [0.61355273]
 [0.61539209]
 [0.61437921]
 [0.61445621]
 [0.61768086]
 [0.6171392 ]
 [0.61915427]
 [0.61926573]
 [0.61659499]
 [0.62001024]
 [0.61743525]
 [0.6235352 ]
 [0.62272225]
 [0.62027636]
 [0.61455545]
 [0.62303915]
 [0.61900759]
 [0.62504051]
 [0.62350242]
 [0.62466535]
 [0.62689012]
 [0.62665753]
 [0.62512899]
 [0.63204556]
 [0.63224034]
 [0.62793715]
 [0.62482526]
 [0.62914946]
 [0.63074983]
 [0.62996591]
 [0.63008958]
 [0.63294236]
 [0.63157643]
 [0.63015495]
 [0.63278517]
 [0.6324359 ]
 [0.6374938 ]
 [0.6362508 ]
 [0.64000176]
 [0.63477895]
 [0.63870972]
 [0.63580424]
 [0.63885122]
 [0.63882167]
 [0.64156588]
 [0.64008237]
 [0.64371054]
 [0.64180482]
 [0.63701619]
 [0.64571534]
 [0.65228038]
 [0.64925221]
 [0.64275505]
 [0.64701016]
 [0.64476617]
 [0.64365324]
 [0.6490428 ]
 [0.64702263]
 [0.64994053]
 [0.65046898]
 [0.64602731]
 [0.65168783]
 [0.65245038]
 [0.65536502]
 [0.64374465]
 [0.65012503]
 [0.65178782]
 [0.65606263]
 [0.65287619]
 [0.65550331]
 [0.65151379]
 [0.65432153]
 [0.65852146]
 [0.6543459 ]
 [0.65697056]
 [0.65667438]
 [0.65608888]
 [0.66412138]
 [0.65746067]
 [0.65770849]
 [0.65714036]
 [0.66189673]
 [0.65716687]
 [0.66321302]
 [0.66407613]
 [0.66172286]
 [0.65982087]
 [0.66334613]
 [0.66234103]
 [0.66135069]
 [0.66493609]
 [0.6639788 ]
 [0.67807318]
 [0.66437   ]
 [0.6671352 ]
 [0.6647018 ]
 [0.66664045]
 [0.66907555]
 [0.67173779]
 [0.66930768]
 [0.67297237]
 [0.66939679]
 [0.66993833]
 [0.67000523]
 [0.67231699]
 [0.67073588]
 [0.67073345]
 [0.67445421]
 [0.67207967]
 [0.67453347]
 [0.67186109]
 [0.67462718]
 [0.67782201]
 [0.67520821]
 [0.67428316]
 [0.67603679]
 [0.67445506]
 [0.67810558]
 [0.67726333]
 [0.67843197]
 [0.67995194]
 [0.67911492]
 [0.68931182]
 [0.68202987]
 [0.68130378]
 [0.682505  ]
 [0.68387781]
 [0.68496566]
 [0.68075134]
 [0.68665749]
 [0.68751943]
 [0.68648034]
 [0.68626463]
 [0.68725263]
 [0.68844947]
 [0.68711289]
 [0.70911315]
 [0.69488799]
 [0.68955742]
 [0.69842221]
 [0.69101446]
 [0.69189142]
 [0.70618488]
 [0.69246112]
 [0.69438946]
 [0.6939644 ]
 [0.69643358]
 [0.69407281]
 [0.69622431]
 [0.69419773]
 [0.69577378]
 [0.69671844]
 [0.69696913]
 [0.69659971]
 [0.69968219]
 [0.70017092]
 [0.69838788]
 [0.69927432]
 [0.70176643]
 [0.70180552]
 [0.70227432]
 [0.70375675]
 [0.70152302]
 [0.70110511]
 [0.70339747]
 [0.70478831]
 [0.70499183]
 [0.70553493]
 [0.70827124]
 [0.70709296]
 [0.70675094]
 [0.70725085]
 [0.70936858]
 [0.70380804]
 [0.71063829]
 [0.71001591]
 [0.71149589]
 [0.7081032 ]
 [0.71201556]
 [0.71103881]
 [0.71174039]
 [0.70236317]
 [0.71339223]
 [0.7161799 ]
 [0.72474515]
 [0.71678812]
 [0.71395725]
 [0.70132098]
 [0.71726753]
 [0.72016489]
 [0.7196418 ]
 [0.72262962]
 [0.72055325]
 [0.72397615]
 [0.71911057]
 [0.72035207]
 [0.72516632]
 [0.72542931]
 [0.72404694]
 [0.72457173]
 [0.72329135]
 [0.72554454]
 [0.7262719 ]
 [0.72593073]
 [0.72633365]
 [0.72849834]
 [0.72895811]
 [0.72729716]
 [0.72950983]
 [0.72244259]
 [0.73272035]
 [0.73247672]
 [0.73191513]
 [0.72965807]
 [0.7336456 ]
 [0.73281043]
 [0.7310158 ]
 [0.73012311]
 [0.73644125]
 [0.73715256]
 [0.73410399]
 [0.73826162]
 [0.73272029]
 [0.73737058]
 [0.73963878]
 [0.73447475]
 [0.74188594]
 [0.73966961]
 [0.7575933 ]
 [0.74147686]
 [0.73909152]
 [0.74512527]
 [0.74487833]
 [0.7432198 ]
 [0.74377717]
 [0.74577023]
 [0.74504687]
 [0.74267375]
 [0.74646702]
 [0.74977161]
 [0.74574517]
 [0.7512536 ]
 [0.74829137]
 [0.74530728]
 [0.74717792]
 [0.75095352]
 [0.74806936]
 [0.74919092]
 [0.75812495]
 [0.75437651]
 [0.74996094]
 [0.75038545]
 [0.74947112]
 [0.75583665]
 [0.75144719]
 [0.75020106]
 [0.75577061]
 [0.75600173]
 [0.75361641]
 [0.7550175 ]
 [0.75407413]
 [0.75564847]
 [0.75587275]
 [0.75758894]
 [0.76247689]
 [0.75429638]
 [0.75500492]
 [0.75687293]
 [0.75534905]
 [0.7559782 ]
 [0.76158372]
 [0.75785672]
 [0.75761092]
 [0.76213999]
 [0.76272031]
 [0.76393322]
 [0.75787139]
 [0.76435347]
 [0.76443628]
 [0.76137339]
 [0.7631543 ]
 [0.76213771]
 [0.76533544]
 [0.76323274]
 [0.75877827]
 [0.76666008]
 [0.76787196]
 [0.76993673]
 [0.76423239]
 [0.76446805]
 [0.77056721]
 [0.76998382]
 [0.77201574]
 [0.76867042]
 [0.77076636]
 [0.77145874]
 [0.76923212]
 [0.77557823]
 [0.76937628]
 [0.77689107]
 [0.77788842]
 [0.77761179]
 [0.77170456]
 [0.77465602]
 [0.77730841]
 [0.77108327]
 [0.77652663]
 [0.77834694]
 [0.7811806 ]
 [0.78046168]
 [0.78240625]
 [0.78259576]
 [0.77642445]
 [0.77757167]
 [0.78485152]
 [0.77875509]
 [0.78243781]
 [0.78261431]
 [0.78324801]
 [0.78468817]
 [0.7884465 ]
 [0.79012374]
 [0.79077913]
 [0.78747671]
 [0.79042033]
 [0.79003458]
 [0.78705181]
 [0.7916832 ]
 [0.79135118]
 [0.79139558]
 [0.79196686]
 [0.79230736]
 [0.79323176]
 [0.7970323 ]
 [0.79123507]
 [0.79636645]
 [0.79604504]
 [0.7986603 ]
 [0.79557565]
 [0.79539398]
 [0.79639138]
 [0.79835046]
 [0.80080968]
 [0.79568385]
 [0.80191929]
 [0.79730902]
 [0.80536665]
 [0.80114642]
 [0.80189862]
 [0.80321136]
 [0.80477028]
 [0.80226354]
 [0.7991528 ]
 [0.80499877]
 [0.80582308]
 [0.80703309]
 [0.8040537 ]
 [0.81029748]
 [0.80407149]
 [0.8106781 ]
 [0.80844074]
 [0.79998403]
 [0.80778976]
 [0.80932624]
 [0.81063907]
 [0.81005525]
 [0.81256896]
 [0.81702507]
 [0.81689563]
 [0.81554025]
 [0.8143764 ]
 [0.80812538]
 [0.8165094 ]
 [0.81789463]
 [0.81564066]
 [0.81611534]
 [0.8111574 ]
 [0.81779698]
 [0.8142903 ]
 [0.82349805]
 [0.81748646]
 [0.81906181]
 [0.81900905]
 [0.81716679]
 [0.81007567]
 [0.8216966 ]
 [0.81726774]
 [0.81613669]
 [0.82359593]
 [0.81736588]
 [0.82660984]
 [0.82536819]
 [0.83134993]
 [0.82745498]
 [0.82835183]
 [0.83245373]
 [0.83264266]
 [0.82988589]
 [0.83053575]
 [0.83087855]
 [0.83098281]
 [0.83464442]
 [0.82154839]
 [0.82299093]
 [0.82374009]
 [0.82680499]
 [0.82831952]
 [0.8346635 ]
 [0.83724939]
 [0.82649407]
 [0.8313489 ]
 [0.82786322]
 [0.82817515]
 [0.835411  ]
 [0.83940615]
 [0.8560476 ]
 [0.83565147]
 [0.8308003 ]
 [0.84190864]
 [0.84161089]
 [0.84145771]
 [0.83778245]
 [0.83784025]
 [0.83327158]
 [0.84397493]
 [0.84527144]
 [0.84319085]
 [0.84751009]
 [0.85116053]
 [0.83937152]
 [0.84087106]
 [0.85126942]
 [0.83751536]
 [0.85518186]
 [0.85324132]
 [0.85368179]
 [0.8452264 ]
 [0.84496509]
 [0.85101338]
 [0.8463968 ]
 [0.85281599]
 [0.85134571]
 [0.8500867 ]
 [0.85281311]
 [0.84798415]
 [0.84887567]
 [0.8757883 ]
 [0.87048136]
 [0.85396846]
 [0.86154332]
 [0.85575044]
 [0.87165413]
 [0.85949798]
 [0.86393687]
 [0.85427337]
 [0.8705727 ]
 [0.85736365]
 [0.84259475]
 [0.85228826]
 [0.86934791]
 [0.85781916]
 [0.85557182]
 [0.8667459 ]
 [0.88368159]
 [0.86548731]
 [0.8661078 ]
 [0.86833077]
 [0.88094211]
 [0.86449504]
 [0.86573088]
 [0.86739045]
 [0.86664619]
 [0.86775849]
 [0.8655391 ]
 [0.86355293]
 [0.86374335]
 [0.87060039]
 [0.87473545]
 [0.87231569]
 [0.87195157]
 [0.89513982]
 [0.91014678]
 [0.86938574]
 [0.87930403]
 [0.87237629]
 [0.87246649]
 [0.87522888]
 [0.87725837]
 [0.87949964]
 [0.88652281]
 [0.88274165]
 [0.88033696]
 [0.88100589]
 [0.88289143]
 [0.86307092]
 [0.87983427]
 [0.88104255]
 [0.88664714]
 [0.88594927]
 [0.88150594]
 [0.88459001]
 [0.89338772]
 [0.87066831]
 [0.88739352]
 [0.88373869]
 [0.82978417]
 [0.89308874]
 [0.89146274]
 [0.89088936]
 [0.8960249 ]
 [0.830808  ]
 [0.89331867]
 [0.93047489]
 [0.89785818]
 [0.8812101 ]
 [0.85996831]
 [0.85015424]
 [0.89461175]
 [0.89624891]
 [0.8769709 ]
 [0.89054646]
 [0.90299116]
 [0.90196572]
 [0.86320738]
 [0.90323313]
 [0.92268119]
 [0.9330841 ]
 [0.89211869]
 [0.89653718]]