[[0.52166047]
 [0.52211031]
 [0.51541257]
 [0.52579451]
 [0.52463463]
 [0.5270997 ]
 [0.53329562]
 [0.52741662]
 [0.52442656]
 [0.5286386 ]
 [0.52804948]
 [0.5285795 ]
 [0.52551387]
 [0.52476117]
 [0.52944186]
 [0.53239292]
 [0.53362268]
 [0.53551528]
 [0.52958897]
 [0.52959361]
 [0.5342773 ]
 [0.53511168]
 [0.53733441]
 [0.53719481]
 [0.53357159]
 [0.53675188]
 [0.53728065]
 [0.53941636]
 [0.53463736]
 [0.53868183]
 [0.53926936]
 [0.54037237]
 [0.54346399]
 [0.53341631]
 [0.54135781]
 [0.54193051]
 [0.54259408]
 [0.540133  ]
 [0.54442716]
 [0.54348261]
 [0.55149597]
 [0.55545463]
 [0.54255446]
 [0.54189857]
 [0.54410651]
 [0.54634194]
 [0.54674047]
 [0.55132805]
 [0.54395215]
 [0.55502381]
 [0.54441969]
 [0.55402077]
 [0.55108769]
 [0.54924592]
 [0.55150419]
 [0.53838936]
 [0.54220771]
 [0.5492047 ]
 [0.55765332]
 [0.55201824]
 [0.54894319]
 [0.55516783]
 [0.55319343]
 [0.56315037]
 [0.56121265]
 [0.5635118 ]
 [0.5598108 ]
 [0.56123763]
 [0.55316923]
 [0.56222935]
 [0.55779044]
 [0.56371961]
 [0.55477688]
 [0.56227027]
 [0.56371123]
 [0.56774777]
 [0.56033471]
 [0.56180468]
 [0.5668397 ]
 [0.56586278]
 [0.54916891]
 [0.56788514]
 [0.56822201]
 [0.56873752]
 [0.56406751]
 [0.56573507]
 [0.55178899]
 [0.56451329]
 [0.56246714]
 [0.57072432]
 [0.56529441]
 [0.56763326]
 [0.5753663 ]
 [0.57758048]
 [0.5764649 ]
 [0.57736189]
 [0.57498058]
 [0.57710382]
 [0.57074288]
 [0.5720391 ]
 [0.57517826]
 [0.58234295]
 [0.57866728]
 [0.57842535]
 [0.57634097]
 [0.5761041 ]
 [0.57448372]
 [0.58011005]
 [0.58089854]
 [0.58539882]
 [0.58640805]
 [0.5795341 ]
 [0.57801137]
 [0.58142352]
 [0.58280112]
 [0.58699899]
 [0.58901269]
 [0.58892131]
 [0.5841655 ]
 [0.58771569]
 [0.59025707]
 [0.5879661 ]
 [0.57185975]
 [0.58465553]
 [0.59264017]
 [0.59174043]
 [0.58663732]
 [0.58663363]
 [0.58660271]
 [0.58558928]
 [0.58864125]
 [0.59260721]
 [0.58599395]
 [0.59069386]
 [0.5903349 ]
 [0.5996647 ]
 [0.57550424]
 [0.59321697]
 [0.59989626]
 [0.59302864]
 [0.59374345]
 [0.59906439]
 [0.59739881]
 [0.59505765]
 [0.59638162]
 [0.57687355]
 [0.59172956]
 [0.59479846]
 [0.60336492]
 [0.6040174 ]
 [0.60541337]
 [0.60045389]
 [0.6032575 ]
 [0.60599845]
 [0.60399298]
 [0.6062595 ]
 [0.60688301]
 [0.60720931]
 [0.60723299]
 [0.60570939]
 [0.60306928]
 [0.61113793]
 [0.6128745 ]
 [0.61134789]
 [0.61548003]
 [0.61523375]
 [0.617058  ]
 [0.60841119]
 [0.60847842]
 [0.61912387]
 [0.61217845]
 [0.61304739]
 [0.61569511]
 [0.6132954 ]
 [0.6163779 ]
 [0.60987125]
 [0.62082936]
 [0.61954198]
 [0.61840327]
 [0.60535621]
 [0.62236938]
 [0.61752278]
 [0.61962993]
 [0.61865593]
 [0.61546577]
 [0.62070135]
 [0.6265332 ]
 [0.62276161]
 [0.6261368 ]
 [0.62643185]
 [0.61980773]
 [0.61588047]
 [0.62470949]
 [0.62182295]
 [0.62229919]
 [0.62792397]
 [0.63055414]
 [0.62912859]
 [0.62737966]
 [0.63017404]
 [0.62383025]
 [0.63578937]
 [0.6333735 ]
 [0.63505795]
 [0.6326888 ]
 [0.62995549]
 [0.63577262]
 [0.62970846]
 [0.63867176]
 [0.63814642]
 [0.63798147]
 [0.64088183]
 [0.6406547 ]
 [0.63786365]
 [0.64146461]
 [0.63955325]
 [0.64491043]
 [0.64152998]
 [0.6437998 ]
 [0.64623414]
 [0.64466869]
 [0.64666465]
 [0.64751743]
 [0.64800248]
 [0.64487394]
 [0.6459428 ]
 [0.64508959]
 [0.64970996]
 [0.65058491]
 [0.63288887]
 [0.64842095]
 [0.64868467]
 [0.65191309]
 [0.65283046]
 [0.64938942]
 [0.6525831 ]
 [0.64547134]
 [0.65637262]
 [0.64987793]
 [0.64896691]
 [0.65683693]
 [0.65558547]
 [0.64975989]
 [0.65484359]
 [0.65587147]
 [0.62952387]
 [0.65396157]
 [0.65678713]
 [0.65996872]
 [0.66097359]
 [0.6601616 ]
 [0.65888472]
 [0.66115402]
 [0.65403172]
 [0.65948539]
 [0.66145893]
 [0.65760258]
 [0.65725745]
 [0.65980382]
 [0.66177065]
 [0.66455799]
 [0.66410945]
 [0.66703672]
 [0.66791632]
 [0.66681785]
 [0.6680407 ]
 [0.66216114]
 [0.66751907]
 [0.66814664]
 [0.67176749]
 [0.66505894]
 [0.6629963 ]
 [0.66900376]
 [0.66864322]
 [0.67237995]
 [0.66944181]
 [0.67111829]
 [0.67475869]
 [0.67294976]
 [0.67269015]
 [0.67164597]
 [0.67370161]
 [0.67632499]
 [0.67512319]
 [0.67643798]
 [0.67766607]
 [0.67670406]
 [0.66843881]
 [0.67494629]
 [0.67853029]
 [0.67351485]
 [0.68249431]
 [0.68127234]
 [0.67176037]
 [0.67931256]
 [0.68484465]
 [0.68365157]
 [0.68480764]
 [0.6843857 ]
 [0.68121288]
 [0.68593675]
 [0.70796018]
 [0.68221827]
 [0.68747617]
 [0.69237155]
 [0.68928241]
 [0.68759159]
 [0.71018901]
 [0.68983007]
 [0.68696101]
 [0.69090308]
 [0.6810316 ]
 [0.68557176]
 [0.6938953 ]
 [0.68976135]
 [0.69496903]
 [0.6946954 ]
 [0.69414087]
 [0.69618895]
 [0.69445126]
 [0.69565362]
 [0.69712364]
 [0.69803651]
 [0.69434934]
 [0.69678783]
 [0.6978818 ]
 [0.69993122]
 [0.70003815]
 [0.6992724 ]
 [0.7000344 ]
 [0.70256575]
 [0.70122885]
 [0.70139453]
 [0.70508351]
 [0.70416246]
 [0.70177426]
 [0.70398948]
 [0.7044584 ]
 [0.68574776]
 [0.70904717]
 [0.70551146]
 [0.70984438]
 [0.70754862]
 [0.70783638]
 [0.70971135]
 [0.70431906]
 [0.69867729]
 [0.71145082]
 [0.71298807]
 [0.72494335]
 [0.71430912]
 [0.71397489]
 [0.6938675 ]
 [0.7131058 ]
 [0.71731299]
 [0.71806013]
 [0.7146598 ]
 [0.7166758 ]
 [0.72010677]
 [0.71826845]
 [0.71871997]
 [0.72324616]
 [0.72111386]
 [0.72167487]
 [0.72024671]
 [0.72218995]
 [0.72408061]
 [0.72240961]
 [0.7220047 ]
 [0.72532281]
 [0.72646721]
 [0.72673747]
 [0.72615948]
 [0.72586185]
 [0.74613186]
 [0.72795924]
 [0.72541953]
 [0.72930213]
 [0.72882694]
 [0.73051183]
 [0.72842464]
 [0.72998217]
 [0.72850351]
 [0.7353543 ]
 [0.73386298]
 [0.73490789]
 [0.73514021]
 [0.73156308]
 [0.73588585]
 [0.73544326]
 [0.73322744]
 [0.73910617]
 [0.73555634]
 [0.7593942 ]
 [0.73988529]
 [0.73731866]
 [0.74279636]
 [0.73936524]
 [0.73975992]
 [0.73629109]
 [0.74825674]
 [0.74043358]
 [0.73984253]
 [0.74385975]
 [0.74543162]
 [0.74326141]
 [0.74718288]
 [0.74836598]
 [0.73731751]
 [0.74494602]
 [0.74771925]
 [0.74985662]
 [0.74655601]
 [0.75005024]
 [0.74785366]
 [0.75601701]
 [0.74888206]
 [0.74748219]
 [0.74790625]
 [0.74725925]
 [0.74822028]
 [0.75184696]
 [0.75270311]
 [0.74851006]
 [0.75115114]
 [0.75091005]
 [0.75141176]
 [0.75309017]
 [0.75304051]
 [0.7548385 ]
 [0.75281771]
 [0.75348071]
 [0.75088836]
 [0.76840717]
 [0.75448392]
 [0.75360544]
 [0.75424577]
 [0.75619424]
 [0.76045111]
 [0.75607284]
 [0.76197372]
 [0.75647051]
 [0.76204693]
 [0.76368114]
 [0.75448459]
 [0.75875968]
 [0.75750808]
 [0.75989343]
 [0.75450378]
 [0.75415912]
 [0.76308665]
 [0.76034273]
 [0.76380274]
 [0.75687874]
 [0.76301547]
 [0.76835529]
 [0.76815389]
 [0.76878569]
 [0.76747787]
 [0.76210385]
 [0.76664842]
 [0.77420501]
 [0.77252652]
 [0.76724982]
 [0.77508771]
 [0.77480457]
 [0.77611413]
 [0.76989623]
 [0.77400639]
 [0.77380257]
 [0.77104236]
 [0.77716003]
 [0.77559508]
 [0.77852739]
 [0.77579298]
 [0.77801494]
 [0.78132537]
 [0.77498167]
 [0.77537616]
 [0.78298435]
 [0.78408233]
 [0.77687572]
 [0.78127339]
 [0.77895991]
 [0.78214006]
 [0.77903322]
 [0.78736712]
 [0.7879518 ]
 [0.7846193 ]
 [0.78913516]
 [0.7846952 ]
 [0.78318416]
 [0.78307994]
 [0.7837562 ]
 [0.78224947]
 [0.78588016]
 [0.78724843]
 [0.78948811]
 [0.79226819]
 [0.77704778]
 [0.78918778]
 [0.79225686]
 [0.79352291]
 [0.79547593]
 [0.79040883]
 [0.79275591]
 [0.79461453]
 [0.7925088 ]
 [0.79155598]
 [0.79626882]
 [0.78998772]
 [0.80354117]
 [0.79816535]
 [0.79854039]
 [0.79625279]
 [0.79720927]
 [0.79753875]
 [0.79325555]
 [0.79857561]
 [0.80102338]
 [0.80256967]
 [0.79947153]
 [0.80550188]
 [0.80195323]
 [0.80387908]
 [0.80354887]
 [0.7990117 ]
 [0.80304798]
 [0.80617677]
 [0.80745014]
 [0.80880749]
 [0.81011045]
 [0.81489608]
 [0.81410259]
 [0.81338819]
 [0.80963639]
 [0.80723273]
 [0.81400779]
 [0.81482031]
 [0.80969709]
 [0.81166536]
 [0.80660782]
 [0.81536588]
 [0.81092495]
 [0.82130441]
 [0.81008689]
 [0.81592056]
 [0.81421826]
 [0.81478616]
 [0.81218408]
 [0.81595084]
 [0.8060195 ]
 [0.81271793]
 [0.8210698 ]
 [0.80282584]
 [0.82382649]
 [0.82151868]
 [0.82829955]
 [0.81350738]
 [0.81827712]
 [0.82927031]
 [0.83128428]
 [0.82700352]
 [0.82115506]
 [0.82775437]
 [0.82337143]
 [0.83165152]
 [0.80870368]
 [0.81677502]
 [0.81621532]
 [0.82038936]
 [0.82508272]
 [0.82829097]
 [0.82993156]
 [0.82361615]
 [0.82887845]
 [0.81629789]
 [0.82569406]
 [0.83086547]
 [0.83507115]
 [0.85131014]
 [0.83700744]
 [0.82821802]
 [0.83774995]
 [0.83887466]
 [0.8410415 ]
 [0.83889255]
 [0.83956795]
 [0.82076772]
 [0.83880965]
 [0.84172928]
 [0.8338262 ]
 [0.84299724]
 [0.84293314]
 [0.83046528]
 [0.84072114]
 [0.85185722]
 [0.82659207]
 [0.84773097]
 [0.85454592]
 [0.8491813 ]
 [0.84757942]
 [0.84527791]
 [0.84990065]
 [0.84640159]
 [0.85263968]
 [0.84855206]
 [0.85222441]
 [0.84896093]
 [0.84755531]
 [0.83647144]
 [0.85115139]
 [0.85123571]
 [0.85830076]
 [0.84006376]
 [0.8551151 ]
 [0.86620734]
 [0.85335177]
 [0.86390344]
 [0.85424321]
 [0.8660252 ]
 [0.86131836]
 [0.8382833 ]
 [0.84743558]
 [0.86705445]
 [0.84758382]
 [0.85956203]
 [0.86241674]
 [0.87740385]
 [0.87059409]
 [0.86508687]
 [0.86961126]
 [0.88205688]
 [0.85243791]
 [0.87092246]
 [0.86166463]
 [0.86334909]
 [0.87045017]
 [0.85986581]
 [0.86092363]
 [0.86178885]
 [0.87449296]
 [0.87961744]
 [0.87038097]
 [0.87599934]
 [0.89768841]
 [0.90449022]
 [0.87191425]
 [0.88656308]
 [0.87766114]
 [0.86829421]
 [0.87963164]
 [0.87628004]
 [0.88165122]
 [0.8757208 ]
 [0.88041003]
 [0.87679238]
 [0.89412492]
 [0.88446994]
 [0.85454254]
 [0.88138985]
 [0.87969776]
 [0.87604385]
 [0.89139349]
 [0.88398034]
 [0.89195487]
 [0.90454802]
 [0.8565896 ]
 [0.89087061]
 [0.88202683]
 [0.8292503 ]
 [0.90978732]
 [0.89485433]
 [0.90431124]
 [0.88868972]
 [0.82971618]
 [0.8959819 ]
 [0.93542718]
 [0.89565856]
 [0.86012772]
 [0.85735315]
 [0.8500791 ]
 [0.88489464]
 [0.8862037 ]
 [0.86698301]
 [0.89416913]
 [0.89414722]
 [0.90222707]
 [0.85177015]
 [0.90067914]
 [0.94315213]
 [0.92292266]
 [0.88756282]
 [0.89905273]]