[[0.5186888 ]
 [0.52485046]
 [0.52816276]
 [0.52582439]
 [0.52788446]
 [0.52753948]
 [0.53382394]
 [0.53004248]
 [0.52752988]
 [0.53122504]
 [0.52880869]
 [0.53574436]
 [0.53267626]
 [0.53066395]
 [0.53486996]
 [0.53852091]
 [0.53469722]
 [0.54088695]
 [0.53412192]
 [0.53902052]
 [0.5377237 ]
 [0.53566836]
 [0.53780553]
 [0.54238937]
 [0.53642502]
 [0.53811795]
 [0.54704727]
 [0.54591198]
 [0.54336162]
 [0.53975982]
 [0.53979168]
 [0.54187015]
 [0.54213049]
 [0.54515578]
 [0.54234314]
 [0.54280418]
 [0.54449121]
 [0.54636525]
 [0.54571942]
 [0.54490717]
 [0.54827951]
 [0.55434867]
 [0.54492153]
 [0.55180435]
 [0.55525143]
 [0.55136379]
 [0.55581164]
 [0.54682058]
 [0.55571344]
 [0.56061106]
 [0.55266132]
 [0.55891823]
 [0.55243672]
 [0.55894843]
 [0.55248589]
 [0.55000493]
 [0.55307618]
 [0.55285975]
 [0.56319749]
 [0.55882259]
 [0.54948148]
 [0.55634211]
 [0.5626732 ]
 [0.56473512]
 [0.55963154]
 [0.56868198]
 [0.56188614]
 [0.56525592]
 [0.55690358]
 [0.57016647]
 [0.55783463]
 [0.56497998]
 [0.56287059]
 [0.56301332]
 [0.56433793]
 [0.57166107]
 [0.5619733 ]
 [0.5642054 ]
 [0.56736427]
 [0.56814322]
 [0.56182451]
 [0.57087352]
 [0.56901068]
 [0.57257502]
 [0.5680836 ]
 [0.56910969]
 [0.56515353]
 [0.56763236]
 [0.5705713 ]
 [0.57326617]
 [0.57309987]
 [0.57719138]
 [0.5775601 ]
 [0.57816173]
 [0.57767416]
 [0.58042538]
 [0.57656501]
 [0.57920027]
 [0.57826505]
 [0.57229862]
 [0.57434964]
 [0.5830343 ]
 [0.58050829]
 [0.57956769]
 [0.57894487]
 [0.58024775]
 [0.58224206]
 [0.58124232]
 [0.59022333]
 [0.58636517]
 [0.58752851]
 [0.57888993]
 [0.58420466]
 [0.58321252]
 [0.58584835]
 [0.58816125]
 [0.5891689 ]
 [0.58969423]
 [0.58853722]
 [0.58609072]
 [0.59030724]
 [0.59707587]
 [0.57173101]
 [0.58657587]
 [0.59321858]
 [0.59369692]
 [0.59311466]
 [0.58840313]
 [0.5913396 ]
 [0.58603899]
 [0.59050449]
 [0.59457898]
 [0.59118806]
 [0.59506692]
 [0.59519056]
 [0.59437387]
 [0.59000039]
 [0.59443075]
 [0.60035597]
 [0.5946788 ]
 [0.60583165]
 [0.59910717]
 [0.60271887]
 [0.60028279]
 [0.60087482]
 [0.58753429]
 [0.60941477]
 [0.6022965 ]
 [0.60716618]
 [0.60339193]
 [0.60658503]
 [0.60401423]
 [0.60557102]
 [0.60763279]
 [0.60660011]
 [0.60833387]
 [0.60769967]
 [0.60977645]
 [0.61517782]
 [0.60797716]
 [0.60457977]
 [0.60999467]
 [0.61980981]
 [0.61083396]
 [0.61492844]
 [0.61426132]
 [0.61613698]
 [0.60911787]
 [0.60919507]
 [0.61867238]
 [0.61654823]
 [0.62227678]
 [0.61722574]
 [0.6160406 ]
 [0.62041037]
 [0.61427962]
 [0.62716121]
 [0.6192162 ]
 [0.62055391]
 [0.61167218]
 [0.62192437]
 [0.62000993]
 [0.6237629 ]
 [0.62359447]
 [0.62389519]
 [0.62541663]
 [0.62712738]
 [0.62445605]
 [0.63021297]
 [0.63499555]
 [0.6251532 ]
 [0.62202651]
 [0.62792113]
 [0.62997896]
 [0.62516522]
 [0.63116795]
 [0.6322395 ]
 [0.63114049]
 [0.63306113]
 [0.63323074]
 [0.62978051]
 [0.63933989]
 [0.63517749]
 [0.64385894]
 [0.63536882]
 [0.63743823]
 [0.63585062]
 [0.63499224]
 [0.63834367]
 [0.64029671]
 [0.63997839]
 [0.64141832]
 [0.64261196]
 [0.63863488]
 [0.64458354]
 [0.65982084]
 [0.65279841]
 [0.64466937]
 [0.64575997]
 [0.64470791]
 [0.64587957]
 [0.64719007]
 [0.64739765]
 [0.65007537]
 [0.64620315]
 [0.64657166]
 [0.6498156 ]
 [0.65136667]
 [0.65311801]
 [0.64216526]
 [0.64987062]
 [0.64875376]
 [0.65354864]
 [0.65288284]
 [0.65338701]
 [0.65075074]
 [0.65179593]
 [0.65753171]
 [0.65325749]
 [0.65215086]
 [0.65701099]
 [0.65631534]
 [0.66911073]
 [0.65659799]
 [0.65782224]
 [0.65744227]
 [0.65886752]
 [0.65817648]
 [0.66100057]
 [0.6642063 ]
 [0.66115256]
 [0.65989344]
 [0.66224052]
 [0.65783539]
 [0.66234773]
 [0.66297001]
 [0.66161956]
 [0.663468  ]
 [0.66284912]
 [0.66502679]
 [0.66523415]
 [0.66641988]
 [0.66755158]
 [0.66927473]
 [0.66734288]
 [0.6692707 ]
 [0.66920541]
 [0.67010882]
 [0.67060727]
 [0.67373028]
 [0.66875074]
 [0.66599255]
 [0.67087087]
 [0.67120531]
 [0.67372312]
 [0.67103221]
 [0.67366215]
 [0.67559913]
 [0.67507323]
 [0.67089158]
 [0.67728818]
 [0.67017523]
 [0.67773365]
 [0.67696584]
 [0.67679367]
 [0.67832891]
 [0.67943269]
 [0.67441656]
 [0.68082218]
 [0.67998602]
 [0.67789281]
 [0.68352205]
 [0.68193549]
 [0.67455756]
 [0.68499714]
 [0.68361922]
 [0.68532393]
 [0.68679398]
 [0.68637006]
 [0.68707745]
 [0.68780377]
 [0.71066135]
 [0.68590236]
 [0.68988485]
 [0.69401242]
 [0.69016585]
 [0.68984911]
 [0.70125368]
 [0.69098486]
 [0.69187699]
 [0.69297332]
 [0.69732882]
 [0.68966385]
 [0.69480249]
 [0.69123867]
 [0.69582714]
 [0.69879078]
 [0.69557216]
 [0.69701895]
 [0.69739608]
 [0.69689011]
 [0.69683808]
 [0.69952774]
 [0.69919963]
 [0.69866672]
 [0.70085699]
 [0.70429137]
 [0.70127212]
 [0.69974238]
 [0.70221762]
 [0.70298892]
 [0.70406205]
 [0.7045044 ]
 [0.70640741]
 [0.70533092]
 [0.7039837 ]
 [0.70653448]
 [0.70829996]
 [0.69250956]
 [0.70902053]
 [0.70905737]
 [0.71016546]
 [0.70688181]
 [0.71078613]
 [0.71167995]
 [0.70798457]
 [0.69565527]
 [0.71432627]
 [0.71526896]
 [0.72567609]
 [0.71678827]
 [0.71519646]
 [0.69853321]
 [0.71602911]
 [0.71991057]
 [0.71804888]
 [0.72193147]
 [0.718613  ]
 [0.72038349]
 [0.71958567]
 [0.7211502 ]
 [0.72411908]
 [0.72708077]
 [0.72236106]
 [0.72393212]
 [0.72385761]
 [0.72504424]
 [0.725409  ]
 [0.72525595]
 [0.72652545]
 [0.72932241]
 [0.72896727]
 [0.72717816]
 [0.73154692]
 [0.72540122]
 [0.73089489]
 [0.73046975]
 [0.73240525]
 [0.73046151]
 [0.7341893 ]
 [0.73099992]
 [0.73154097]
 [0.72978559]
 [0.7357611 ]
 [0.73944818]
 [0.73240975]
 [0.73960467]
 [0.73294175]
 [0.73697966]
 [0.73943874]
 [0.73391247]
 [0.74042721]
 [0.73720335]
 [0.75000503]
 [0.74128912]
 [0.73836644]
 [0.7444175 ]
 [0.74079686]
 [0.74407723]
 [0.74483751]
 [0.74532129]
 [0.74256152]
 [0.7420983 ]
 [0.74473874]
 [0.74965307]
 [0.74538634]
 [0.74892322]
 [0.74972617]
 [0.74433932]
 [0.74470532]
 [0.74998035]
 [0.74713356]
 [0.75002641]
 [0.75135668]
 [0.7526523 ]
 [0.75194838]
 [0.75049982]
 [0.74823025]
 [0.74871444]
 [0.75053251]
 [0.75102157]
 [0.75732667]
 [0.75696498]
 [0.75513136]
 [0.75651458]
 [0.75170016]
 [0.756452  ]
 [0.75604509]
 [0.75540401]
 [0.76297969]
 [0.75408109]
 [0.75455614]
 [0.75682116]
 [0.75392072]
 [0.75650416]
 [0.75864776]
 [0.75655237]
 [0.75790665]
 [0.76277496]
 [0.75921546]
 [0.76242046]
 [0.75772754]
 [0.76402988]
 [0.76505168]
 [0.7603606 ]
 [0.76294141]
 [0.76372405]
 [0.7640626 ]
 [0.76369819]
 [0.76505448]
 [0.76646617]
 [0.7671268 ]
 [0.76974452]
 [0.75981848]
 [0.76434529]
 [0.7711293 ]
 [0.77089829]
 [0.77206705]
 [0.76857079]
 [0.77002829]
 [0.76949636]
 [0.76941079]
 [0.77451955]
 [0.76786391]
 [0.7749317 ]
 [0.776919  ]
 [0.77559986]
 [0.77143172]
 [0.77128197]
 [0.77625201]
 [0.77230641]
 [0.77632962]
 [0.77634395]
 [0.77954726]
 [0.77808439]
 [0.7798986 ]
 [0.78096885]
 [0.77528778]
 [0.77568476]
 [0.78307422]
 [0.77862245]
 [0.78237689]
 [0.78194481]
 [0.78469801]
 [0.78147416]
 [0.78476736]
 [0.78977852]
 [0.79033577]
 [0.78598069]
 [0.78872748]
 [0.79005028]
 [0.78463307]
 [0.7921218 ]
 [0.78714949]
 [0.79218353]
 [0.790292  ]
 [0.79190557]
 [0.79297085]
 [0.7957365 ]
 [0.79011558]
 [0.79399285]
 [0.79410706]
 [0.79671512]
 [0.79341705]
 [0.79360039]
 [0.79616955]
 [0.7977519 ]
 [0.79497419]
 [0.79469656]
 [0.79988714]
 [0.79432445]
 [0.80369691]
 [0.80028696]
 [0.80183202]
 [0.80119343]
 [0.7994068 ]
 [0.80091617]
 [0.79416993]
 [0.80326432]
 [0.80247194]
 [0.80570221]
 [0.80199652]
 [0.80819689]
 [0.80210412]
 [0.80998769]
 [0.80488064]
 [0.79798408]
 [0.80640275]
 [0.80866313]
 [0.80829045]
 [0.80883017]
 [0.81101527]
 [0.81704066]
 [0.81629847]
 [0.81340309]
 [0.81386186]
 [0.80784557]
 [0.81474068]
 [0.81616762]
 [0.81415412]
 [0.81371526]
 [0.81092991]
 [0.81621416]
 [0.81361294]
 [0.82325081]
 [0.81822634]
 [0.8179534 ]
 [0.81749114]
 [0.81134413]
 [0.80918367]
 [0.82038797]
 [0.81118873]
 [0.81677421]
 [0.82033605]
 [0.81396114]
 [0.82495576]
 [0.82398785]
 [0.83061721]
 [0.82463963]
 [0.82426572]
 [0.83127302]
 [0.82993821]
 [0.82678312]
 [0.83014586]
 [0.82745401]
 [0.82467897]
 [0.83338775]
 [0.81768126]
 [0.8203255 ]
 [0.8141083 ]
 [0.82727876]
 [0.82823033]
 [0.83257579]
 [0.83726834]
 [0.82609585]
 [0.82426488]
 [0.82525274]
 [0.83115604]
 [0.83756471]
 [0.83755567]
 [0.85765642]
 [0.83732333]
 [0.83289961]
 [0.84139083]
 [0.84112107]
 [0.8382191 ]
 [0.83783083]
 [0.84015931]
 [0.82910093]
 [0.83977271]
 [0.84405595]
 [0.83793245]
 [0.84069887]
 [0.8458549 ]
 [0.83541269]
 [0.84267652]
 [0.8424333 ]
 [0.83891844]
 [0.85116118]
 [0.84407943]
 [0.8456828 ]
 [0.84037104]
 [0.84674346]
 [0.85170935]
 [0.84765537]
 [0.85105943]
 [0.84551084]
 [0.84777571]
 [0.8453553 ]
 [0.84910487]
 [0.84358488]
 [0.84704384]
 [0.87406351]
 [0.84816202]
 [0.86003884]
 [0.85495256]
 [0.86186234]
 [0.85387199]
 [0.86553763]
 [0.85624618]
 [0.86150375]
 [0.85969415]
 [0.84316958]
 [0.84873051]
 [0.86276851]
 [0.85388664]
 [0.85864531]
 [0.86690574]
 [0.86862416]
 [0.86603921]
 [0.86374979]
 [0.86735393]
 [0.86918893]
 [0.86187301]
 [0.86207592]
 [0.86678463]
 [0.86254315]
 [0.86722452]
 [0.86390412]
 [0.8605127 ]
 [0.86101996]
 [0.87010084]
 [0.86366046]
 [0.86912219]
 [0.87165406]
 [0.88070572]
 [0.90643047]
 [0.86628739]
 [0.87781005]
 [0.87037153]
 [0.87001786]
 [0.87540796]
 [0.87440451]
 [0.88508471]
 [0.8882827 ]
 [0.88019225]
 [0.87777407]
 [0.88533861]
 [0.87790636]
 [0.86784473]
 [0.87733005]
 [0.88046608]
 [0.88142802]
 [0.8819791 ]
 [0.88093081]
 [0.88410205]
 [0.89276388]
 [0.86970603]
 [0.88286029]
 [0.88255564]
 [0.83388027]
 [0.89892142]
 [0.8894423 ]
 [0.89539582]
 [0.88632306]
 [0.83325135]
 [0.88857993]
 [0.93543858]
 [0.89931   ]
 [0.87084563]
 [0.86924659]
 [0.85139715]
 [0.89908206]
 [0.89910371]
 [0.87277224]
 [0.89444294]
 [0.90748175]
 [0.90734784]
 [0.85585387]
 [0.90724108]
 [0.92709785]
 [0.9299777 ]
 [0.88280744]
 [0.8971392 ]]