[[0.51381326]
 [0.52336798]
 [0.52517457]
 [0.52909042]
 [0.52747523]
 [0.53063832]
 [0.52819831]
 [0.52928755]
 [0.52963708]
 [0.53016139]
 [0.5285379 ]
 [0.53100543]
 [0.52975044]
 [0.53239301]
 [0.53651127]
 [0.53309917]
 [0.53882459]
 [0.53651506]
 [0.53119544]
 [0.55049199]
 [0.53967578]
 [0.54070316]
 [0.53989187]
 [0.53786716]
 [0.53851424]
 [0.53803246]
 [0.53403541]
 [0.54000861]
 [0.53578453]
 [0.5392706 ]
 [0.54555021]
 [0.54063414]
 [0.54113962]
 [0.53451258]
 [0.54775048]
 [0.54822948]
 [0.54105639]
 [0.54262585]
 [0.55225063]
 [0.55024055]
 [0.54268739]
 [0.54783754]
 [0.54556507]
 [0.54601182]
 [0.54042266]
 [0.54601012]
 [0.54528303]
 [0.54904371]
 [0.54105685]
 [0.55234564]
 [0.53974142]
 [0.55611952]
 [0.55915395]
 [0.54701634]
 [0.55647441]
 [0.55337866]
 [0.55709959]
 [0.55699719]
 [0.55795093]
 [0.55232536]
 [0.54182424]
 [0.55388202]
 [0.55608883]
 [0.55902079]
 [0.55676033]
 [0.56773517]
 [0.56003189]
 [0.55965837]
 [0.56124123]
 [0.5666403 ]
 [0.55852478]
 [0.56170749]
 [0.56121176]
 [0.54868099]
 [0.55172626]
 [0.56531071]
 [0.55536527]
 [0.56249753]
 [0.56555718]
 [0.56525703]
 [0.56933333]
 [0.56603674]
 [0.56987509]
 [0.57144771]
 [0.56023083]
 [0.57366145]
 [0.57269293]
 [0.56191559]
 [0.56806386]
 [0.56744065]
 [0.56789315]
 [0.5660499 ]
 [0.57228634]
 [0.57749249]
 [0.57532698]
 [0.58223115]
 [0.57520188]
 [0.57656389]
 [0.5764274 ]
 [0.56370328]
 [0.56618906]
 [0.58096813]
 [0.58240954]
 [0.57547561]
 [0.58208884]
 [0.58215894]
 [0.57989412]
 [0.57716492]
 [0.58588098]
 [0.58383184]
 [0.58553571]
 [0.58324348]
 [0.58448926]
 [0.58449457]
 [0.58451661]
 [0.58555775]
 [0.58723653]
 [0.58920081]
 [0.58656363]
 [0.59018077]
 [0.58814276]
 [0.59052666]
 [0.56766762]
 [0.58932929]
 [0.58985104]
 [0.59050652]
 [0.59014155]
 [0.5890492 ]
 [0.58910045]
 [0.5868413 ]
 [0.59108494]
 [0.58417279]
 [0.5867619 ]
 [0.59058374]
 [0.59286608]
 [0.60062624]
 [0.59819887]
 [0.59093049]
 [0.59760608]
 [0.58788038]
 [0.59323963]
 [0.59747823]
 [0.59470884]
 [0.59774359]
 [0.59869708]
 [0.59941922]
 [0.59691251]
 [0.60875872]
 [0.60514323]
 [0.60145149]
 [0.6038214 ]
 [0.60214513]
 [0.60290206]
 [0.59872701]
 [0.60502984]
 [0.59862514]
 [0.60532307]
 [0.60496496]
 [0.61829962]
 [0.60745911]
 [0.60055534]
 [0.60826357]
 [0.61961518]
 [0.60897424]
 [0.61307885]
 [0.61275413]
 [0.61450734]
 [0.60737877]
 [0.60727734]
 [0.61677147]
 [0.61443699]
 [0.63136291]
 [0.61643008]
 [0.61853755]
 [0.61281984]
 [0.61383945]
 [0.63479624]
 [0.62247159]
 [0.61609035]
 [0.60893499]
 [0.61996164]
 [0.61772786]
 [0.62222588]
 [0.62160908]
 [0.6414162 ]
 [0.61939498]
 [0.62433952]
 [0.62098509]
 [0.62671187]
 [0.65026584]
 [0.62542504]
 [0.61926582]
 [0.62885829]
 [0.65209088]
 [0.62320422]
 [0.63127933]
 [0.63100936]
 [0.62714925]
 [0.62945884]
 [0.62831657]
 [0.62629331]
 [0.63645048]
 [0.63098345]
 [0.66176937]
 [0.63224063]
 [0.66383324]
 [0.63320445]
 [0.63370226]
 [0.63540066]
 [0.63840412]
 [0.63654319]
 [0.6424224 ]
 [0.63852567]
 [0.64340354]
 [0.64814913]
 [0.65288612]
 [0.67523833]
 [0.64029025]
 [0.64676159]
 [0.64471669]
 [0.6470997 ]
 [0.64458956]
 [0.65033888]
 [0.64806049]
 [0.65150284]
 [0.65076741]
 [0.64496445]
 [0.64370433]
 [0.65241959]
 [0.66259106]
 [0.64680856]
 [0.64921972]
 [0.65485769]
 [0.65468131]
 [0.64771307]
 [0.65101698]
 [0.64680817]
 [0.65714188]
 [0.65010038]
 [0.65137575]
 [0.65549692]
 [0.65251868]
 [0.66965956]
 [0.65432082]
 [0.65457451]
 [0.65332753]
 [0.65282881]
 [0.66096972]
 [0.66094471]
 [0.65838502]
 [0.65951279]
 [0.65720291]
 [0.65969691]
 [0.6551971 ]
 [0.65792542]
 [0.65688331]
 [0.66401685]
 [0.65922651]
 [0.6624061 ]
 [0.65965627]
 [0.66329577]
 [0.66213706]
 [0.66687586]
 [0.66942711]
 [0.66525711]
 [0.67004022]
 [0.66469964]
 [0.66944561]
 [0.66678572]
 [0.67338039]
 [0.67141429]
 [0.6640566 ]
 [0.67318269]
 [0.67116126]
 [0.67668872]
 [0.67029853]
 [0.66909026]
 [0.67591357]
 [0.67108107]
 [0.66903571]
 [0.67188973]
 [0.67387972]
 [0.67401265]
 [0.67489888]
 [0.67520781]
 [0.67977583]
 [0.67476051]
 [0.67698535]
 [0.67481206]
 [0.67592126]
 [0.6775879 ]
 [0.68259784]
 [0.68134804]
 [0.67630626]
 [0.67833218]
 [0.6890409 ]
 [0.68679794]
 [0.68231564]
 [0.68280071]
 [0.68037368]
 [0.68325577]
 [0.70425402]
 [0.68591265]
 [0.68525913]
 [0.69215189]
 [0.68918115]
 [0.68923141]
 [0.70015697]
 [0.68765212]
 [0.68573113]
 [0.69133969]
 [0.69615415]
 [0.69028065]
 [0.69572986]
 [0.68962127]
 [0.69253164]
 [0.69559464]
 [0.6923555 ]
 [0.6979132 ]
 [0.69422207]
 [0.69615958]
 [0.69452431]
 [0.69580244]
 [0.6932085 ]
 [0.70014614]
 [0.70384496]
 [0.69939073]
 [0.69913057]
 [0.69699635]
 [0.69525518]
 [0.70027465]
 [0.70164997]
 [0.70259258]
 [0.70237687]
 [0.69855917]
 [0.69953278]
 [0.70331412]
 [0.70409462]
 [0.71360825]
 [0.70276381]
 [0.70721452]
 [0.70686839]
 [0.70369422]
 [0.71487697]
 [0.70802829]
 [0.70492136]
 [0.70830847]
 [0.71326969]
 [0.71011496]
 [0.71836976]
 [0.71255363]
 [0.7166665 ]
 [0.72096028]
 [0.71916508]
 [0.71544254]
 [0.71648387]
 [0.71796996]
 [0.72000946]
 [0.72060503]
 [0.71717112]
 [0.72054659]
 [0.71640483]
 [0.72691179]
 [0.72412556]
 [0.7242717 ]
 [0.72076538]
 [0.72634547]
 [0.72572815]
 [0.7236658 ]
 [0.72742039]
 [0.72794531]
 [0.72444169]
 [0.72462031]
 [0.72571376]
 [0.71779219]
 [0.72377156]
 [0.72454392]
 [0.72834605]
 [0.72795079]
 [0.73393695]
 [0.73132868]
 [0.72868198]
 [0.72551342]
 [0.72959696]
 [0.74457475]
 [0.72669944]
 [0.73976448]
 [0.72815537]
 [0.73210361]
 [0.73576798]
 [0.72984728]
 [0.7339264 ]
 [0.72979777]
 [0.74822426]
 [0.73654098]
 [0.7358783 ]
 [0.74086399]
 [0.74014351]
 [0.73978533]
 [0.73736943]
 [0.74416414]
 [0.73325031]
 [0.75708995]
 [0.74731932]
 [0.74782267]
 [0.7450674 ]
 [0.74627465]
 [0.74409636]
 [0.7380774 ]
 [0.74673532]
 [0.74541769]
 [0.74359002]
 [0.7495135 ]
 [0.7447191 ]
 [0.74508603]
 [0.7520636 ]
 [0.7469621 ]
 [0.74706049]
 [0.74581018]
 [0.75552029]
 [0.7450027 ]
 [0.76179246]
 [0.75475988]
 [0.75177338]
 [0.75158475]
 [0.75356237]
 [0.75108386]
 [0.7542662 ]
 [0.75535649]
 [0.75777464]
 [0.75019107]
 [0.75076059]
 [0.74906275]
 [0.7420101 ]
 [0.75325459]
 [0.75172095]
 [0.75448101]
 [0.75779735]
 [0.75801669]
 [0.7543278 ]
 [0.75826427]
 [0.76156944]
 [0.76095846]
 [0.75992882]
 [0.7533187 ]
 [0.75879808]
 [0.75379647]
 [0.76166522]
 [0.75616304]
 [0.76479053]
 [0.76809726]
 [0.76133094]
 [0.76687129]
 [0.75845574]
 [0.76087665]
 [0.77030135]
 [0.77220041]
 [0.76992209]
 [0.76513057]
 [0.76774447]
 [0.76911337]
 [0.77517924]
 [0.77196736]
 [0.76756936]
 [0.77038784]
 [0.77136967]
 [0.77146887]
 [0.76801757]
 [0.73918226]
 [0.77239156]
 [0.77835734]
 [0.77986975]
 [0.77350865]
 [0.77526225]
 [0.77736793]
 [0.77726564]
 [0.77684509]
 [0.77490275]
 [0.77490622]
 [0.77948926]
 [0.78395086]
 [0.7732254 ]
 [0.77796665]
 [0.78804799]
 [0.7774873 ]
 [0.77630803]
 [0.78414243]
 [0.78441258]
 [0.7821402 ]
 [0.78448197]
 [0.78085256]
 [0.78591412]
 [0.78888263]
 [0.78606529]
 [0.78590862]
 [0.77472593]
 [0.79219754]
 [0.79409099]
 [0.7896675 ]
 [0.78749582]
 [0.78720981]
 [0.79069476]
 [0.79333448]
 [0.79703224]
 [0.79338093]
 [0.79756613]
 [0.80124353]
 [0.79042942]
 [0.79642973]
 [0.79669271]
 [0.79366553]
 [0.79993745]
 [0.80564714]
 [0.79799242]
 [0.79415527]
 [0.79688078]
 [0.79981979]
 [0.79397736]
 [0.79462706]
 [0.79738107]
 [0.80830337]
 [0.78658664]
 [0.80513238]
 [0.80199443]
 [0.79992601]
 [0.80090157]
 [0.79027271]
 [0.80605693]
 [0.80715669]
 [0.80920942]
 [0.80663681]
 [0.80729963]
 [0.81216271]
 [0.81115551]
 [0.81063398]
 [0.79466448]
 [0.81255642]
 [0.81129763]
 [0.81312378]
 [0.80392498]
 [0.81477487]
 [0.80957274]
 [0.8127555 ]
 [0.81571679]
 [0.81854076]
 [0.80672932]
 [0.81408088]
 [0.81878897]
 [0.80437214]
 [0.79367044]
 [0.81870264]
 [0.79872752]
 [0.81661504]
 [0.81944212]
 [0.78984464]
 [0.82056238]
 [0.82065356]
 [0.82605464]
 [0.81668297]
 [0.8162618 ]
 [0.82680165]
 [0.82783175]
 [0.82416846]
 [0.81860908]
 [0.82724242]
 [0.82331304]
 [0.8289505 ]
 [0.78837908]
 [0.81065407]
 [0.80387274]
 [0.83075363]
 [0.83559216]
 [0.83300299]
 [0.82514471]
 [0.82825506]
 [0.8196669 ]
 [0.82332889]
 [0.83032933]
 [0.83461053]
 [0.83963976]
 [0.81327786]
 [0.83116635]
 [0.83161306]
 [0.83880825]
 [0.8429969 ]
 [0.84152125]
 [0.83817713]
 [0.83437964]
 [0.81133011]
 [0.83403326]
 [0.83689838]
 [0.83029255]
 [0.84047691]
 [0.84411648]
 [0.82616775]
 [0.8487604 ]
 [0.84269048]
 [0.83399096]
 [0.84920802]
 [0.84470702]
 [0.85177457]
 [0.82312542]
 [0.85429724]
 [0.8401644 ]
 [0.85567719]
 [0.85557435]
 [0.84477566]
 [0.8246099 ]
 [0.84497158]
 [0.85732451]
 [0.84026597]
 [0.83692338]
 [0.84775422]
 [0.85752529]
 [0.83611873]
 [0.84920249]
 [0.85913741]
 [0.85340082]
 [0.85876051]
 [0.84265634]
 [0.86217423]
 [0.85940926]
 [0.85735968]
 [0.84205525]
 [0.87359043]
 [0.85393208]
 [0.85654077]
 [0.86540229]
 [0.86634022]
 [0.85842339]
 [0.8716769 ]
 [0.87534434]
 [0.86419701]
 [0.8599472 ]
 [0.8607306 ]
 [0.87136163]
 [0.87454049]
 [0.87787869]
 [0.86394509]
 [0.86501386]
 [0.86517641]
 [0.88305139]
 [0.87564712]
 [0.87688309]
 [0.88533945]
 [0.87929703]
 [0.90176152]
 [0.8716746 ]
 [0.89183483]
 [0.86906951]
 [0.88062809]
 [0.89198168]
 [0.88442586]
 [0.89113646]
 [0.89202977]
 [0.89067462]
 [0.89172787]
 [0.89896524]
 [0.89457848]
 [0.86527385]
 [0.89555354]
 [0.89245257]
 [0.88113606]
 [0.89976999]
 [0.87412785]
 [0.90674912]
 [0.91907284]
 [0.86766404]
 [0.90383209]
 [0.88979522]
 [0.83551716]
 [0.92534849]
 [0.89350423]
 [0.91173291]
 [0.9033817 ]
 [0.83740537]
 [0.91465104]
 [0.92526367]
 [0.91809073]
 [0.87756743]
 [0.85742291]
 [0.8487175 ]
 [0.88767756]
 [0.88712005]
 [0.86649782]
 [0.89913416]
 [0.89604829]
 [0.92057113]
 [0.86702635]
 [0.91774315]
 [0.94571849]
 [0.9247471 ]
 [0.89227242]
 [0.91680295]]