[[0.531333  ]
 [0.49969435]
 [0.54996894]
 [0.50232753]
 [0.52426393]
 [0.50615632]
 [0.48255136]
 [0.51626234]
 [0.4989912 ]
 [0.50764542]
 [0.51109785]
 [0.52376843]
 [0.54679521]
 [0.49538106]
 [0.5019158 ]
 [0.50566163]
 [0.49081552]
 [0.54118824]
 [0.54937658]
 [0.55031441]
 [0.50685514]
 [0.51390104]
 [0.49754623]
 [0.57163537]
 [0.5340708 ]
 [0.52212183]
 [0.55794214]
 [0.54977542]
 [0.57428208]
 [0.50143769]
 [0.51786653]
 [0.5208148 ]
 [0.53060199]
 [0.56221219]
 [0.50239714]
 [0.52249607]
 [0.51623972]
 [0.54621167]
 [0.52549703]
 [0.52480457]
 [0.55850553]
 [0.56503238]
 [0.54241661]
 [0.55515815]
 [0.56390905]
 [0.57988811]
 [0.55920812]
 [0.53417635]
 [0.56377158]
 [0.58676875]
 [0.5379103 ]
 [0.55805452]
 [0.52438666]
 [0.56961773]
 [0.50358633]
 [0.56560001]
 [0.56751659]
 [0.51826629]
 [0.58408091]
 [0.55550173]
 [0.56204737]
 [0.52048871]
 [0.55895527]
 [0.57130228]
 [0.56772901]
 [0.55219165]
 [0.5719152 ]
 [0.59261478]
 [0.52115368]
 [0.56197607]
 [0.51022008]
 [0.57809668]
 [0.51377509]
 [0.5391214 ]
 [0.54613418]
 [0.57409407]
 [0.57700898]
 [0.54008379]
 [0.57462447]
 [0.58234259]
 [0.57611925]
 [0.57103327]
 [0.55972528]
 [0.59623461]
 [0.53947167]
 [0.52730946]
 [0.5775224 ]
 [0.58350209]
 [0.54115549]
 [0.57792643]
 [0.52456903]
 [0.58597597]
 [0.58333377]
 [0.61762223]
 [0.53626935]
 [0.562679  ]
 [0.5169461 ]
 [0.56575755]
 [0.52139928]
 [0.54506273]
 [0.5433711 ]
 [0.60441434]
 [0.51894089]
 [0.56181666]
 [0.52398099]
 [0.52721145]
 [0.52378572]
 [0.56318659]
 [0.55266958]
 [0.60753064]
 [0.60568787]
 [0.59669296]
 [0.55591086]
 [0.61756509]
 [0.60058699]
 [0.60424368]
 [0.61133952]
 [0.60818566]
 [0.60972554]
 [0.54610653]
 [0.61349954]
 [0.56156893]
 [0.56210816]
 [0.59674135]
 [0.62167684]
 [0.60380127]
 [0.58072665]
 [0.62566322]
 [0.62375224]
 [0.6057514 ]
 [0.62319785]
 [0.56830634]
 [0.59125005]
 [0.57694186]
 [0.61153747]
 [0.54987618]
 [0.62162799]
 [0.58211273]
 [0.62084056]
 [0.57964819]
 [0.6006056 ]
 [0.58967508]
 [0.60463116]
 [0.6278994 ]
 [0.61986195]
 [0.6230822 ]
 [0.60890126]
 [0.55475164]
 [0.59078344]
 [0.63327116]
 [0.63011918]
 [0.62430629]
 [0.58561818]
 [0.57650643]
 [0.62696028]
 [0.58254813]
 [0.65384457]
 [0.60933908]
 [0.59940041]
 [0.61573373]
 [0.59323534]
 [0.57920516]
 [0.60935606]
 [0.64346179]
 [0.63935392]
 [0.64157766]
 [0.64106214]
 [0.58744503]
 [0.58822043]
 [0.6461699 ]
 [0.6453332 ]
 [0.61006042]
 [0.63407553]
 [0.62443407]
 [0.6196374 ]
 [0.59536306]
 [0.60852025]
 [0.57308864]
 [0.62140584]
 [0.61349998]
 [0.66709332]
 [0.61812807]
 [0.64657761]
 [0.64380098]
 [0.58536202]
 [0.6236936 ]
 [0.62739284]
 [0.65855037]
 [0.61734331]
 [0.6245675 ]
 [0.61497841]
 [0.61522846]
 [0.65627467]
 [0.60518806]
 [0.60023108]
 [0.66328353]
 [0.64853492]
 [0.63125683]
 [0.65304363]
 [0.63178655]
 [0.61103005]
 [0.62222447]
 [0.634366  ]
 [0.6287693 ]
 [0.63689276]
 [0.617876  ]
 [0.66803938]
 [0.63264114]
 [0.66284921]
 [0.64457497]
 [0.67550387]
 [0.66294897]
 [0.64062497]
 [0.64623273]
 [0.6498117 ]
 [0.64216267]
 [0.63829737]
 [0.66652196]
 [0.68087281]
 [0.69321625]
 [0.62053856]
 [0.66743704]
 [0.66262223]
 [0.6831649 ]
 [0.63465323]
 [0.65688298]
 [0.65007966]
 [0.68031781]
 [0.67867358]
 [0.61388492]
 [0.67536688]
 [0.64241704]
 [0.65790846]
 [0.67105989]
 [0.65588449]
 [0.69295021]
 [0.63906938]
 [0.67397972]
 [0.65965071]
 [0.62955065]
 [0.65616765]
 [0.65468511]
 [0.65665329]
 [0.68265031]
 [0.69715623]
 [0.60328453]
 [0.66074367]
 [0.63749297]
 [0.67879272]
 [0.65689691]
 [0.68651639]
 [0.69021225]
 [0.69049901]
 [0.64880249]
 [0.66976253]
 [0.6846547 ]
 [0.68113019]
 [0.66814181]
 [0.66911599]
 [0.6662029 ]
 [0.66494726]
 [0.63567933]
 [0.66794444]
 [0.67035717]
 [0.67927802]
 [0.6872578 ]
 [0.6389596 ]
 [0.65580278]
 [0.71037876]
 [0.66391685]
 [0.68364177]
 [0.6393452 ]
 [0.67103556]
 [0.67830397]
 [0.6535872 ]
 [0.66894793]
 [0.65767661]
 [0.69298785]
 [0.71563222]
 [0.668681  ]
 [0.64709226]
 [0.68140261]
 [0.64274893]
 [0.70450556]
 [0.69145679]
 [0.71289877]
 [0.68748871]
 [0.68324665]
 [0.68297147]
 [0.6744554 ]
 [0.67484004]
 [0.68268289]
 [0.67545147]
 [0.67215117]
 [0.69026698]
 [0.68350251]
 [0.71670526]
 [0.72187215]
 [0.72473117]
 [0.69222118]
 [0.72338973]
 [0.6741184 ]
 [0.67825173]
 [0.72341872]
 [0.69641804]
 [0.72030777]
 [0.71246937]
 [0.68304661]
 [0.6900312 ]
 [0.69038903]
 [0.72781239]
 [0.69839422]
 [0.69094752]
 [0.70979712]
 [0.69504506]
 [0.72418165]
 [0.68438929]
 [0.69510951]
 [0.73630008]
 [0.69927638]
 [0.68864137]
 [0.6975047 ]
 [0.727985  ]
 [0.69644841]
 [0.69913588]
 [0.71807313]
 [0.70511446]
 [0.7271179 ]
 [0.7082762 ]
 [0.71886171]
 [0.68805799]
 [0.69271635]
 [0.69937522]
 [0.71511309]
 [0.71155038]
 [0.71129913]
 [0.6870862 ]
 [0.7132184 ]
 [0.69746064]
 [0.68452138]
 [0.70471309]
 [0.69681597]
 [0.70803661]
 [0.72535411]
 [0.7390978 ]
 [0.67233517]
 [0.70450005]
 [0.7223279 ]
 [0.72970057]
 [0.71225992]
 [0.73936138]
 [0.70695483]
 [0.70691782]
 [0.73170862]
 [0.73713387]
 [0.72483775]
 [0.72399775]
 [0.74187872]
 [0.70458453]
 [0.7492515 ]
 [0.71984835]
 [0.69920516]
 [0.70343145]
 [0.73665176]
 [0.73516328]
 [0.74874578]
 [0.73962055]
 [0.74955788]
 [0.72957154]
 [0.74140656]
 [0.71737081]
 [0.74964014]
 [0.74099534]
 [0.70879064]
 [0.72169686]
 [0.758924  ]
 [0.73085613]
 [0.75299004]
 [0.76112531]
 [0.72405166]
 [0.75122628]
 [0.75550453]
 [0.72580309]
 [0.73909465]
 [0.7138779 ]
 [0.69615144]
 [0.74500196]
 [0.73164316]
 [0.76140753]
 [0.7544422 ]
 [0.73677266]
 [0.73774496]
 [0.709039  ]
 [0.75164439]
 [0.75948375]
 [0.74131995]
 [0.75936691]
 [0.74437634]
 [0.76332122]
 [0.65460599]
 [0.71704751]
 [0.70848515]
 [0.74972897]
 [0.74298073]
 [0.79452732]
 [0.74101466]
 [0.73197101]
 [0.7616643 ]
 [0.68892137]
 [0.77058066]
 [0.75960201]
 [0.7065543 ]
 [0.76662587]
 [0.76694627]
 [0.7170454 ]
 [0.76011098]
 [0.77174758]
 [0.74367008]
 [0.72889889]
 [0.75451097]
 [0.74599122]
 [0.73069005]
 [0.80161489]
 [0.76137205]
 [0.77025151]
 [0.77050079]
 [0.7804643 ]
 [0.69158859]
 [0.781926  ]
 [0.70847603]
 [0.75899553]
 [0.75310396]
 [0.75723649]
 [0.74087649]
 [0.74778971]
 [0.76012111]
 [0.75199648]
 [0.75598945]
 [0.77723498]
 [0.7338389 ]
 [0.78716875]
 [0.77241936]
 [0.77115146]
 [0.77222001]
 [0.69578076]
 [0.66184678]
 [0.72703872]
 [0.78084155]
 [0.705359  ]
 [0.76317098]
 [0.73696991]
 [0.70289516]
 [0.74031603]
 [0.76353826]
 [0.76627558]
 [0.70209646]
 [0.78342073]
 [0.7363542 ]
 [0.78596578]
 [0.76702517]
 [0.80261512]
 [0.79660373]
 [0.74632895]
 [0.79645375]
 [0.77902727]
 [0.80119023]
 [0.78987769]
 [0.76065919]
 [0.75088672]
 [0.7886047 ]
 [0.79576178]
 [0.80958049]
 [0.78976622]
 [0.79851671]
 [0.81272736]
 [0.76097726]
 [0.7959847 ]
 [0.77431256]
 [0.8037036 ]
 [0.80760009]
 [0.80961767]
 [0.7774973 ]
 [0.79356265]
 [0.75524189]
 [0.78972238]
 [0.78556104]
 [0.82085599]
 [0.81968564]
 [0.79440439]
 [0.80176152]
 [0.78871127]
 [0.816987  ]
 [0.81416859]
 [0.79566721]
 [0.74001028]
 [0.7578114 ]
 [0.7633523 ]
 [0.76338725]
 [0.78497252]
 [0.79286652]
 [0.74933893]
 [0.80382063]
 [0.81636113]
 [0.81889604]
 [0.8282739 ]
 [0.76663642]
 [0.77995499]
 [0.75534824]
 [0.79586969]
 [0.82088574]
 [0.8037537 ]
 [0.83624127]
 [0.78825856]
 [0.80251488]
 [0.75820688]
 [0.80210094]
 [0.82460022]
 [0.81120234]
 [0.76452565]
 [0.81103281]
 [0.78811593]
 [0.78137964]
 [0.83500622]
 [0.81212096]
 [0.80481529]
 [0.78976989]
 [0.80217437]
 [0.83272066]
 [0.81176215]
 [0.82362441]
 [0.84697016]
 [0.81527872]
 [0.84875644]
 [0.84856332]
 [0.82968069]
 [0.77737605]
 [0.82271476]
 [0.83054073]
 [0.83482836]
 [0.77966912]
 [0.79595635]
 [0.80551502]
 [0.81967182]
 [0.79030346]
 [0.85537746]
 [0.74964851]
 [0.80462853]
 [0.7944485 ]
 [0.82485889]
 [0.81196   ]
 [0.78942927]
 [0.78373887]
 [0.80987957]
 [0.84490917]
 [0.7895698 ]
 [0.86237937]
 [0.78981853]
 [0.86632577]
 [0.84593789]
 [0.822312  ]
 [0.86372961]
 [0.82384527]
 [0.84443011]
 [0.81956391]
 [0.85274904]
 [0.83197806]
 [0.8621501 ]
 [0.8029079 ]
 [0.79521629]
 [0.81917414]
 [0.84674451]
 [0.84060417]
 [0.80073265]
 [0.7613197 ]
 [0.84385634]
 [0.84077541]
 [0.83290264]
 [0.82517127]
 [0.84928281]
 [0.8196108 ]
 [0.76599643]
 [0.85866013]
 [0.78318293]
 [0.8119501 ]
 [0.82451984]
 [0.88049712]
 [0.81238797]
 [0.85833762]
 [0.81568913]
 [0.8052673 ]
 [0.83076553]
 [0.80180844]
 [0.8231472 ]
 [0.85061223]
 [0.81552374]
 [0.86446924]
 [0.88371267]
 [0.83776296]
 [0.85438213]
 [0.88519616]
 [0.85073879]
 [0.84101863]
 [0.86953178]
 [0.84609945]
 [0.86919751]
 [0.81138271]
 [0.85147905]
 [0.84413864]
 [0.84950392]
 [0.87303921]
 [0.82959601]
 [0.78550413]
 [0.85163672]
 [0.89175698]
 [0.79088466]
 [0.85945755]
 [0.87961982]
 [0.8419706 ]
 [0.86729939]
 [0.88490205]
 [0.86467845]
 [0.844968  ]
 [0.84164552]
 [0.8567408 ]
 [0.87912379]
 [0.84839989]
 [0.84908967]
 [0.84354732]
 [0.89211291]
 [0.85880954]
 [0.84089068]
 [0.84286673]
 [0.88803391]
 [0.86061388]
 [0.89468628]
 [0.86991831]
 [0.86573785]
 [0.85062185]
 [0.86948597]
 [0.87609006]
 [0.87735115]
 [0.8580073 ]
 [0.89715464]
 [0.8826367 ]
 [0.85932965]
 [0.90050982]
 [0.899109  ]
 [0.89341545]
 [0.87801872]
 [0.89859008]
 [0.88195076]
 [0.88318457]
 [0.88658132]
 [0.89439509]
 [0.8867446 ]
 [0.88835763]
 [0.8919672 ]
 [0.89295099]
 [0.91677678]
 [0.90943019]
 [0.90623649]
 [0.90323871]
 [0.90319861]
 [0.92372873]
 [0.89919034]
 [0.90049717]
 [0.90812199]
 [0.9247918 ]
 [0.90782072]
 [0.90008862]
 [0.84710974]
 [0.91915754]
 [0.92685122]
 [0.92280134]
 [0.92673306]
 [0.84932333]
 [0.9314311 ]
 [0.91524133]
 [0.93804271]
 [0.92838743]
 [0.88837518]
 [0.86394851]
 [0.94849418]
 [0.95425998]
 [0.92632854]
 [0.90576912]
 [0.9008963 ]
 [0.95606556]
 [0.9013447 ]
 [0.92429429]
 [0.98290758]
 [0.97994593]
 [0.95269165]
 [0.97754913]]