[[0.51638364]
 [0.52474313]
 [0.51213753]
 [0.52312774]
 [0.52319785]
 [0.52497119]
 [0.52853596]
 [0.52886537]
 [0.52422205]
 [0.530022  ]
 [0.52746333]
 [0.53290317]
 [0.52519052]
 [0.52726598]
 [0.53130253]
 [0.53308141]
 [0.53144366]
 [0.53417995]
 [0.53306798]
 [0.53370816]
 [0.53839595]
 [0.53306409]
 [0.53590441]
 [0.53633227]
 [0.53357104]
 [0.53793983]
 [0.53660219]
 [0.53852545]
 [0.53317006]
 [0.54043921]
 [0.53723756]
 [0.54069633]
 [0.54287594]
 [0.53475045]
 [0.53918943]
 [0.540471  ]
 [0.54318369]
 [0.54022657]
 [0.5427491 ]
 [0.54258825]
 [0.55110712]
 [0.55405522]
 [0.53939471]
 [0.54120793]
 [0.54370897]
 [0.54873632]
 [0.54343658]
 [0.55334988]
 [0.5440985 ]
 [0.55198714]
 [0.55333987]
 [0.55250988]
 [0.54938078]
 [0.55587623]
 [0.55968948]
 [0.54442014]
 [0.54938449]
 [0.54744299]
 [0.56018315]
 [0.55484087]
 [0.55048117]
 [0.55502169]
 [0.55230846]
 [0.56297067]
 [0.55972146]
 [0.56363946]
 [0.55724843]
 [0.56270936]
 [0.55175673]
 [0.5621514 ]
 [0.55429508]
 [0.56395009]
 [0.55900213]
 [0.56678774]
 [0.56602072]
 [0.5663333 ]
 [0.56150091]
 [0.56318805]
 [0.56852999]
 [0.56729524]
 [0.55612041]
 [0.56538851]
 [0.56912833]
 [0.57377996]
 [0.56560914]
 [0.56653637]
 [0.5595958 ]
 [0.56719863]
 [0.56700911]
 [0.57146765]
 [0.56420575]
 [0.57167273]
 [0.57515184]
 [0.57699219]
 [0.57592629]
 [0.58433917]
 [0.57793792]
 [0.5775403 ]
 [0.57054046]
 [0.56770987]
 [0.56988745]
 [0.58078985]
 [0.5810878 ]
 [0.58002391]
 [0.57630477]
 [0.57912815]
 [0.5743206 ]
 [0.58168093]
 [0.58693721]
 [0.58482647]
 [0.58583346]
 [0.57606075]
 [0.58307939]
 [0.58438758]
 [0.58358256]
 [0.58638483]
 [0.58733523]
 [0.58818253]
 [0.58954247]
 [0.58473941]
 [0.58869546]
 [0.59210566]
 [0.56548756]
 [0.58827584]
 [0.59078032]
 [0.5906524 ]
 [0.59330475]
 [0.58916844]
 [0.58879013]
 [0.58403898]
 [0.59184118]
 [0.59286791]
 [0.59168332]
 [0.59067514]
 [0.59124107]
 [0.59319011]
 [0.58669078]
 [0.59395885]
 [0.59904419]
 [0.59279052]
 [0.60372026]
 [0.59769648]
 [0.59676951]
 [0.59720558]
 [0.59689455]
 [0.58597444]
 [0.60329187]
 [0.60163951]
 [0.6082553 ]
 [0.60152873]
 [0.60505906]
 [0.60170349]
 [0.60474635]
 [0.60636558]
 [0.60747782]
 [0.60724353]
 [0.6049811 ]
 [0.60623396]
 [0.61680311]
 [0.60871634]
 [0.59833645]
 [0.60688282]
 [0.62208896]
 [0.60875528]
 [0.61324318]
 [0.61315227]
 [0.61518619]
 [0.60649982]
 [0.60658087]
 [0.61676075]
 [0.61294891]
 [0.62325534]
 [0.61817336]
 [0.61704767]
 [0.61679249]
 [0.61002084]
 [0.63112143]
 [0.61744549]
 [0.61952367]
 [0.60525456]
 [0.61941763]
 [0.61968204]
 [0.62112871]
 [0.62576476]
 [0.62271303]
 [0.62342015]
 [0.62672267]
 [0.62268264]
 [0.63074712]
 [0.63825098]
 [0.62018559]
 [0.61549733]
 [0.62902469]
 [0.62877812]
 [0.62114385]
 [0.63223289]
 [0.63423879]
 [0.63040201]
 [0.63355809]
 [0.6322123 ]
 [0.62299263]
 [0.63387236]
 [0.634395  ]
 [0.64845738]
 [0.63715096]
 [0.63687323]
 [0.63377543]
 [0.62917968]
 [0.63587724]
 [0.64103633]
 [0.63858591]
 [0.64262772]
 [0.64313507]
 [0.64176701]
 [0.64473158]
 [0.66205336]
 [0.65865003]
 [0.64630936]
 [0.64567632]
 [0.64338876]
 [0.64350182]
 [0.64449899]
 [0.64915627]
 [0.64728572]
 [0.6444225 ]
 [0.64693309]
 [0.64740114]
 [0.64830496]
 [0.65375557]
 [0.64123728]
 [0.64722052]
 [0.64674818]
 [0.65502674]
 [0.6537065 ]
 [0.65208317]
 [0.64938255]
 [0.64378027]
 [0.65939034]
 [0.65517503]
 [0.6475643 ]
 [0.6577719 ]
 [0.65746963]
 [0.67318516]
 [0.65756228]
 [0.65643305]
 [0.65592956]
 [0.65743811]
 [0.65471667]
 [0.66223364]
 [0.66033676]
 [0.6605142 ]
 [0.65816519]
 [0.66175299]
 [0.65245461]
 [0.66423801]
 [0.66046923]
 [0.66337685]
 [0.66271232]
 [0.66256936]
 [0.6643052 ]
 [0.66523502]
 [0.66412156]
 [0.66773584]
 [0.66955552]
 [0.66493468]
 [0.66826336]
 [0.66699629]
 [0.66795117]
 [0.66863771]
 [0.67098164]
 [0.67048427]
 [0.66098451]
 [0.67482885]
 [0.67390077]
 [0.67448216]
 [0.67096149]
 [0.67138912]
 [0.67706993]
 [0.67299546]
 [0.67619794]
 [0.67066716]
 [0.66670534]
 [0.67543158]
 [0.67575878]
 [0.67442527]
 [0.67994555]
 [0.6812906 ]
 [0.67649246]
 [0.67934576]
 [0.67767346]
 [0.68398864]
 [0.68298336]
 [0.68596351]
 [0.67135094]
 [0.68326719]
 [0.69086491]
 [0.68551042]
 [0.68463613]
 [0.68498532]
 [0.6853314 ]
 [0.68600714]
 [0.70215951]
 [0.6919125 ]
 [0.68792816]
 [0.68897634]
 [0.69077964]
 [0.68859941]
 [0.69808114]
 [0.68894798]
 [0.68903792]
 [0.69179633]
 [0.69705084]
 [0.69608787]
 [0.69697063]
 [0.68924761]
 [0.69662694]
 [0.69235951]
 [0.69345055]
 [0.6948445 ]
 [0.69438107]
 [0.70065373]
 [0.69475192]
 [0.69768009]
 [0.69608529]
 [0.70527805]
 [0.70140511]
 [0.70388466]
 [0.70006553]
 [0.69837135]
 [0.69868705]
 [0.70092676]
 [0.70178341]
 [0.70236921]
 [0.70393647]
 [0.70206885]
 [0.70164907]
 [0.70402096]
 [0.70627544]
 [0.68594711]
 [0.70647057]
 [0.70677542]
 [0.70848286]
 [0.70682162]
 [0.71178889]
 [0.70983514]
 [0.70491027]
 [0.68959802]
 [0.71160705]
 [0.713234  ]
 [0.72113397]
 [0.71483585]
 [0.71303595]
 [0.69151907]
 [0.71764194]
 [0.71763936]
 [0.71609076]
 [0.72402869]
 [0.7188459 ]
 [0.71778822]
 [0.71798333]
 [0.72138632]
 [0.72018624]
 [0.72781799]
 [0.72494409]
 [0.72225399]
 [0.72220182]
 [0.72780995]
 [0.72315837]
 [0.7243552 ]
 [0.72925049]
 [0.72676113]
 [0.72693685]
 [0.7250388 ]
 [0.73193372]
 [0.7435283 ]
 [0.72603089]
 [0.726163  ]
 [0.73207241]
 [0.72923296]
 [0.73071081]
 [0.73010444]
 [0.73000737]
 [0.7303575 ]
 [0.73248725]
 [0.74104202]
 [0.73422408]
 [0.73870379]
 [0.73400108]
 [0.7352542 ]
 [0.73937219]
 [0.73457224]
 [0.73716272]
 [0.74057727]
 [0.75106334]
 [0.73944825]
 [0.73858228]
 [0.74309723]
 [0.73920589]
 [0.74294083]
 [0.73809637]
 [0.74628754]
 [0.74569948]
 [0.74750076]
 [0.74233967]
 [0.74791774]
 [0.74520284]
 [0.74772801]
 [0.74614589]
 [0.73811787]
 [0.74598129]
 [0.74754478]
 [0.7493662 ]
 [0.74859476]
 [0.75265984]
 [0.75275475]
 [0.75153713]
 [0.7489705 ]
 [0.74699831]
 [0.74444346]
 [0.75056369]
 [0.74830397]
 [0.75929722]
 [0.75503702]
 [0.75405756]
 [0.75504617]
 [0.75397637]
 [0.75457573]
 [0.75110744]
 [0.75621766]
 [0.75596054]
 [0.751834  ]
 [0.75171889]
 [0.7515711 ]
 [0.76324017]
 [0.75420785]
 [0.75393592]
 [0.75418655]
 [0.75670701]
 [0.76091172]
 [0.7608366 ]
 [0.76047487]
 [0.75751846]
 [0.76235878]
 [0.76221946]
 [0.75521454]
 [0.75852745]
 [0.7598537 ]
 [0.76033159]
 [0.75677814]
 [0.76780162]
 [0.76752772]
 [0.76141378]
 [0.76983194]
 [0.76658288]
 [0.76194875]
 [0.76598655]
 [0.76807286]
 [0.77050427]
 [0.76712915]
 [0.77058221]
 [0.76977495]
 [0.77571866]
 [0.77254952]
 [0.76811157]
 [0.77353257]
 [0.77373421]
 [0.77462549]
 [0.7685838 ]
 [0.76970695]
 [0.77699231]
 [0.77394082]
 [0.77572966]
 [0.77781096]
 [0.77686995]
 [0.77617151]
 [0.77823112]
 [0.7787092 ]
 [0.77551442]
 [0.77576128]
 [0.78161344]
 [0.78458128]
 [0.77921725]
 [0.78021436]
 [0.78604927]
 [0.78069279]
 [0.77953503]
 [0.7873939 ]
 [0.78757848]
 [0.78398799]
 [0.78726625]
 [0.78678555]
 [0.78544636]
 [0.79218143]
 [0.78590258]
 [0.78437671]
 [0.7898375 ]
 [0.79249295]
 [0.79260492]
 [0.7934282 ]
 [0.79167544]
 [0.79399841]
 [0.79528065]
 [0.79548595]
 [0.79897621]
 [0.79355566]
 [0.7960215 ]
 [0.80127642]
 [0.78895301]
 [0.79329388]
 [0.79877603]
 [0.80017738]
 [0.80264353]
 [0.80533059]
 [0.80027698]
 [0.8004566 ]
 [0.79769441]
 [0.79872322]
 [0.80169294]
 [0.80243388]
 [0.80059078]
 [0.8090261 ]
 [0.80349982]
 [0.80768223]
 [0.80170772]
 [0.80668916]
 [0.80497164]
 [0.79713931]
 [0.80507508]
 [0.80780349]
 [0.80939413]
 [0.80821291]
 [0.80867317]
 [0.81549436]
 [0.81436457]
 [0.81145289]
 [0.81416168]
 [0.81187145]
 [0.81300164]
 [0.81474666]
 [0.81381212]
 [0.81186753]
 [0.80762538]
 [0.81388225]
 [0.81819274]
 [0.82192636]
 [0.81184633]
 [0.81684423]
 [0.81725382]
 [0.81164346]
 [0.8115567 ]
 [0.82036851]
 [0.81627711]
 [0.81315118]
 [0.82059274]
 [0.80784619]
 [0.82403783]
 [0.82268275]
 [0.82877982]
 [0.81863614]
 [0.81912517]
 [0.82970461]
 [0.83466139]
 [0.8273754 ]
 [0.82516321]
 [0.82828417]
 [0.82406721]
 [0.8323586 ]
 [0.80424614]
 [0.82788262]
 [0.82204577]
 [0.82371015]
 [0.82938861]
 [0.83565632]
 [0.83150268]
 [0.82582462]
 [0.82789903]
 [0.83127004]
 [0.8268705 ]
 [0.83119799]
 [0.84280403]
 [0.83938359]
 [0.8348689 ]
 [0.83571743]
 [0.84400769]
 [0.84643027]
 [0.83904735]
 [0.84681757]
 [0.83726897]
 [0.82038912]
 [0.84104616]
 [0.84245294]
 [0.83326307]
 [0.84437435]
 [0.84346371]
 [0.8388896 ]
 [0.84444449]
 [0.85248938]
 [0.82880503]
 [0.84795925]
 [0.85454914]
 [0.85133885]
 [0.85116326]
 [0.85148286]
 [0.85108535]
 [0.85480372]
 [0.85319892]
 [0.84760256]
 [0.85348952]
 [0.84801199]
 [0.85636479]
 [0.84521697]
 [0.85276201]
 [0.86131905]
 [0.86092818]
 [0.85121225]
 [0.85708265]
 [0.86438541]
 [0.86116154]
 [0.86644572]
 [0.86026632]
 [0.86520735]
 [0.8684742 ]
 [0.85412173]
 [0.84802497]
 [0.86903744]
 [0.85592683]
 [0.86927116]
 [0.86414851]
 [0.87433383]
 [0.87481757]
 [0.86576302]
 [0.87136061]
 [0.88194595]
 [0.86340705]
 [0.87182146]
 [0.87135759]
 [0.87591402]
 [0.87325539]
 [0.86716512]
 [0.86399291]
 [0.86466818]
 [0.87608338]
 [0.89138764]
 [0.87210922]
 [0.87851528]
 [0.89836483]
 [0.91330675]
 [0.87312373]
 [0.89145471]
 [0.87799595]
 [0.87957238]
 [0.89347404]
 [0.87856261]
 [0.89126361]
 [0.89366754]
 [0.89319031]
 [0.88671548]
 [0.90119301]
 [0.89488538]
 [0.86818214]
 [0.88680648]
 [0.88880232]
 [0.8862472 ]
 [0.89458756]
 [0.87975035]
 [0.89595542]
 [0.91068649]
 [0.87260494]
 [0.89482093]
 [0.88831664]
 [0.83684901]
 [0.92315687]
 [0.90950312]
 [0.91226379]
 [0.89951813]
 [0.83817966]
 [0.90769671]
 [0.94540317]
 [0.91025031]
 [0.86568655]
 [0.86956222]
 [0.86262466]
 [0.8957864 ]
 [0.89741482]
 [0.87431435]
 [0.9007097 ]
 [0.90755672]
 [0.91907433]
 [0.86012417]
 [0.91155626]
 [0.95948706]
 [0.92525699]
 [0.8903904 ]
 [0.90558775]]