[[0.51065508]
 [0.52827602]
 [0.52515899]
 [0.525471  ]
 [0.52665148]
 [0.52741272]
 [0.51117808]
 [0.53152635]
 [0.52523505]
 [0.53312356]
 [0.52652505]
 [0.5302295 ]
 [0.52028051]
 [0.52295813]
 [0.52043434]
 [0.51818225]
 [0.52994199]
 [0.52909777]
 [0.53431844]
 [0.54196801]
 [0.5341322 ]
 [0.53676048]
 [0.52655994]
 [0.51271002]
 [0.5387379 ]
 [0.53801062]
 [0.53985204]
 [0.52809336]
 [0.52404446]
 [0.53175355]
 [0.54156158]
 [0.54241048]
 [0.54260038]
 [0.52937977]
 [0.54214484]
 [0.54564779]
 [0.54221063]
 [0.54555486]
 [0.54420005]
 [0.54800379]
 [0.52750659]
 [0.54835624]
 [0.5305479 ]
 [0.52655091]
 [0.53134069]
 [0.5569085 ]
 [0.51327958]
 [0.54723374]
 [0.53149684]
 [0.52885495]
 [0.53054659]
 [0.53903639]
 [0.55237694]
 [0.54199956]
 [0.53430524]
 [0.52339688]
 [0.53109179]
 [0.5421783 ]
 [0.52398814]
 [0.54230347]
 [0.51924928]
 [0.55560463]
 [0.53676741]
 [0.56616465]
 [0.55489034]
 [0.55428303]
 [0.5389716 ]
 [0.53270596]
 [0.54658681]
 [0.53443471]
 [0.55090767]
 [0.56734053]
 [0.55360301]
 [0.56206841]
 [0.5647298 ]
 [0.55517793]
 [0.52691137]
 [0.56241884]
 [0.56348142]
 [0.57219559]
 [0.53749901]
 [0.52921265]
 [0.55767712]
 [0.54005139]
 [0.55628811]
 [0.57536146]
 [0.54278631]
 [0.52963667]
 [0.57743142]
 [0.57666707]
 [0.55933121]
 [0.55883209]
 [0.58023107]
 [0.57850307]
 [0.5721133 ]
 [0.5752951 ]
 [0.57402718]
 [0.54657092]
 [0.56732361]
 [0.55927383]
 [0.56354775]
 [0.58198845]
 [0.56912303]
 [0.54220059]
 [0.57303299]
 [0.57156282]
 [0.57100934]
 [0.54440925]
 [0.5821337 ]
 [0.58423805]
 [0.58636948]
 [0.54638786]
 [0.5981866 ]
 [0.56363384]
 [0.56488856]
 [0.58940934]
 [0.58736094]
 [0.59203812]
 [0.55680518]
 [0.58039028]
 [0.58815785]
 [0.58752034]
 [0.56380691]
 [0.5814821 ]
 [0.58994031]
 [0.5923793 ]
 [0.60661371]
 [0.57121437]
 [0.57227703]
 [0.57157607]
 [0.57568194]
 [0.57958061]
 [0.53746621]
 [0.59147301]
 [0.57335196]
 [0.59248752]
 [0.54552601]
 [0.59251406]
 [0.59907472]
 [0.5858345 ]
 [0.60830205]
 [0.57751896]
 [0.59514243]
 [0.58255863]
 [0.57969959]
 [0.54873382]
 [0.60154424]
 [0.61225982]
 [0.57196575]
 [0.60192153]
 [0.60650168]
 [0.58827044]
 [0.59569303]
 [0.61014352]
 [0.58709957]
 [0.59857654]
 [0.60553527]
 [0.6083007 ]
 [0.64229502]
 [0.60346924]
 [0.60068552]
 [0.60742031]
 [0.64115649]
 [0.60980006]
 [0.61531807]
 [0.61534332]
 [0.61781917]
 [0.60581806]
 [0.60524489]
 [0.61920166]
 [0.59935934]
 [0.65178853]
 [0.60351504]
 [0.61669687]
 [0.61626377]
 [0.60803057]
 [0.66386888]
 [0.61992523]
 [0.61801279]
 [0.59919584]
 [0.62080857]
 [0.62477534]
 [0.61088607]
 [0.57063539]
 [0.65219292]
 [0.61750795]
 [0.62844934]
 [0.62321075]
 [0.60889301]
 [0.67099657]
 [0.61699988]
 [0.60988155]
 [0.60183967]
 [0.66573175]
 [0.61483941]
 [0.60868447]
 [0.61936792]
 [0.62966054]
 [0.59369827]
 [0.62891537]
 [0.61909067]
 [0.64267535]
 [0.63283236]
 [0.69037564]
 [0.63468442]
 [0.67793267]
 [0.63823184]
 [0.6242243 ]
 [0.64115489]
 [0.6377508 ]
 [0.63869366]
 [0.63907974]
 [0.63829998]
 [0.65084003]
 [0.65602949]
 [0.69819476]
 [0.70532218]
 [0.64904768]
 [0.63811783]
 [0.65088684]
 [0.71305213]
 [0.6469462 ]
 [0.65533811]
 [0.64723515]
 [0.64924653]
 [0.65642021]
 [0.64018712]
 [0.65081491]
 [0.65299634]
 [0.66970685]
 [0.65181152]
 [0.64997063]
 [0.66434805]
 [0.66009131]
 [0.65145958]
 [0.65896234]
 [0.63727069]
 [0.65148001]
 [0.59378029]
 [0.64233546]
 [0.66720689]
 [0.65384689]
 [0.71250602]
 [0.66408464]
 [0.65964286]
 [0.63091914]
 [0.65302241]
 [0.7271982 ]
 [0.66215199]
 [0.66665697]
 [0.66955402]
 [0.6654909 ]
 [0.6696    ]
 [0.64662718]
 [0.6641421 ]
 [0.66255154]
 [0.63162235]
 [0.71554331]
 [0.71453595]
 [0.66625881]
 [0.67637218]
 [0.65277832]
 [0.67807326]
 [0.68301723]
 [0.66874956]
 [0.6681081 ]
 [0.65436906]
 [0.70185154]
 [0.67125163]
 [0.67916796]
 [0.63834564]
 [0.65743284]
 [0.63940964]
 [0.71960838]
 [0.6733679 ]
 [0.6861266 ]
 [0.66591513]
 [0.68100674]
 [0.67643263]
 [0.61666849]
 [0.66653658]
 [0.66303898]
 [0.66760145]
 [0.68071622]
 [0.68047244]
 [0.68345112]
 [0.68529221]
 [0.73956352]
 [0.67562369]
 [0.67725523]
 [0.69566961]
 [0.69725423]
 [0.64161575]
 [0.65061228]
 [0.67719335]
 [0.70647661]
 [0.68708457]
 [0.68398717]
 [0.68573088]
 [0.68003588]
 [0.6848318 ]
 [0.71256342]
 [0.70144078]
 [0.69011846]
 [0.69406265]
 [0.69298658]
 [0.697132  ]
 [0.69444724]
 [0.68948205]
 [0.6860197 ]
 [0.69360343]
 [0.73202951]
 [0.70937969]
 [0.70442035]
 [0.68737899]
 [0.70445464]
 [0.68948325]
 [0.69453533]
 [0.70116485]
 [0.68866208]
 [0.66361012]
 [0.69467751]
 [0.69771371]
 [0.69411274]
 [0.72100277]
 [0.69244679]
 [0.70405934]
 [0.7044196 ]
 [0.71240685]
 [0.69807744]
 [0.70138236]
 [0.70093698]
 [0.70245208]
 [0.7068176 ]
 [0.70262015]
 [0.70083012]
 [0.70299965]
 [0.71332411]
 [0.71708675]
 [0.70492961]
 [0.7072046 ]
 [0.70784915]
 [0.72017398]
 [0.70371869]
 [0.71026441]
 [0.70234872]
 [0.7318536 ]
 [0.71649506]
 [0.71732683]
 [0.72752309]
 [0.71996895]
 [0.71494733]
 [0.73485039]
 [0.70654062]
 [0.72234832]
 [0.71855129]
 [0.72704389]
 [0.71607618]
 [0.73755939]
 [0.72224755]
 [0.72932787]
 [0.71957843]
 [0.69055459]
 [0.73936096]
 [0.72638266]
 [0.72367974]
 [0.75185742]
 [0.72892775]
 [0.7237503 ]
 [0.75454309]
 [0.7245979 ]
 [0.73148152]
 [0.73144075]
 [0.68750412]
 [0.70371137]
 [0.72514226]
 [0.72464683]
 [0.73497607]
 [0.73196854]
 [0.72994888]
 [0.73089495]
 [0.73215919]
 [0.74310112]
 [0.72951585]
 [0.72604276]
 [0.73087192]
 [0.73935091]
 [0.74660272]
 [0.73677752]
 [0.74112072]
 [0.74951933]
 [0.73842339]
 [0.68954265]
 [0.73574837]
 [0.74242511]
 [0.75077608]
 [0.74832319]
 [0.73613229]
 [0.7364082 ]
 [0.7268053 ]
 [0.74297291]
 [0.68915181]
 [0.73908795]
 [0.74680851]
 [0.74557871]
 [0.756944  ]
 [0.75683381]
 [0.74363146]
 [0.72973511]
 [0.76553088]
 [0.75247413]
 [0.74500453]
 [0.76187828]
 [0.74910768]
 [0.71853141]
 [0.7438915 ]
 [0.75588715]
 [0.75206131]
 [0.72991392]
 [0.75379981]
 [0.78379425]
 [0.75187675]
 [0.75316982]
 [0.75256104]
 [0.74906763]
 [0.77856909]
 [0.74777356]
 [0.75086022]
 [0.77946605]
 [0.73912298]
 [0.75728468]
 [0.75961706]
 [0.75268661]
 [0.726241  ]
 [0.79546179]
 [0.75272943]
 [0.76236787]
 [0.77028011]
 [0.75624075]
 [0.74194593]
 [0.76284397]
 [0.75335778]
 [0.76651938]
 [0.76048057]
 [0.74649921]
 [0.75523647]
 [0.75752076]
 [0.76838912]
 [0.74768729]
 [0.77179811]
 [0.77032644]
 [0.75415672]
 [0.75517658]
 [0.7769904 ]
 [0.76636972]
 [0.76460236]
 [0.77645374]
 [0.77169533]
 [0.77422531]
 [0.7771231 ]
 [0.79060517]
 [0.76966626]
 [0.77940765]
 [0.77593765]
 [0.77347454]
 [0.77419556]
 [0.77308089]
 [0.77481443]
 [0.72726736]
 [0.7851593 ]
 [0.75684674]
 [0.79487366]
 [0.78811806]
 [0.7753708 ]
 [0.77774694]
 [0.79318495]
 [0.77685509]
 [0.7834133 ]
 [0.78501316]
 [0.78353892]
 [0.77723273]
 [0.77809432]
 [0.78557814]
 [0.78102519]
 [0.78074958]
 [0.78018056]
 [0.78648673]
 [0.78707937]
 [0.79214581]
 [0.78485915]
 [0.78575965]
 [0.80919669]
 [0.80208325]
 [0.79792476]
 [0.7787106 ]
 [0.74976408]
 [0.79982386]
 [0.79956973]
 [0.79307311]
 [0.79894198]
 [0.77940859]
 [0.80530216]
 [0.79241247]
 [0.79723451]
 [0.81510505]
 [0.8028089 ]
 [0.79112098]
 [0.77977617]
 [0.80992384]
 [0.79563303]
 [0.80093158]
 [0.80301001]
 [0.79340199]
 [0.80323138]
 [0.78531744]
 [0.79807528]
 [0.81471556]
 [0.80384451]
 [0.78321927]
 [0.79858797]
 [0.79915219]
 [0.79388241]
 [0.80562628]
 [0.81316516]
 [0.80406948]
 [0.80376535]
 [0.80242122]
 [0.8233265 ]
 [0.8156963 ]
 [0.80276557]
 [0.80541457]
 [0.81660907]
 [0.81574156]
 [0.81576624]
 [0.81152111]
 [0.80031153]
 [0.79747992]
 [0.8124851 ]
 [0.81394542]
 [0.79880983]
 [0.82677597]
 [0.84519647]
 [0.822136  ]
 [0.81408056]
 [0.82317598]
 [0.80423636]
 [0.82106458]
 [0.82517592]
 [0.81157339]
 [0.80754848]
 [0.8273146 ]
 [0.80893504]
 [0.85566683]
 [0.81994794]
 [0.77005973]
 [0.82519262]
 [0.83309082]
 [0.83134544]
 [0.81510477]
 [0.82691173]
 [0.83281377]
 [0.8437094 ]
 [0.82093202]
 [0.81744262]
 [0.82835694]
 [0.82804922]
 [0.83585753]
 [0.78683143]
 [0.82613196]
 [0.81564988]
 [0.83195553]
 [0.83404117]
 [0.83891202]
 [0.82307864]
 [0.82185046]
 [0.83074098]
 [0.8325809 ]
 [0.86903386]
 [0.83272193]
 [0.83895923]
 [0.85381697]
 [0.83843003]
 [0.82552601]
 [0.84617176]
 [0.84202075]
 [0.84219239]
 [0.84976359]
 [0.84213873]
 [0.79971624]
 [0.84397533]
 [0.85139758]
 [0.84397263]
 [0.84536825]
 [0.85310796]
 [0.82033578]
 [0.84269937]
 [0.8528497 ]
 [0.88038759]
 [0.85962242]
 [0.85428169]
 [0.8614363 ]
 [0.85059906]
 [0.84921722]
 [0.86785899]
 [0.85095653]
 [0.87353271]
 [0.85522706]
 [0.85196927]
 [0.85528075]
 [0.85245329]
 [0.84070521]
 [0.88861065]
 [0.85971544]
 [0.86030952]
 [0.85820899]
 [0.88341631]
 [0.88106972]
 [0.86514205]
 [0.9002335 ]
 [0.86146183]
 [0.87618883]
 [0.86965478]
 [0.91091978]
 [0.84688336]
 [0.88667991]
 [0.85879271]
 [0.86065392]
 [0.86035332]
 [0.89830462]
 [0.89108225]
 [0.89882687]
 [0.89655586]
 [0.90478588]
 [0.85588012]
 [0.87439683]
 [0.90509169]
 [0.88629503]
 [0.89503139]
 [0.8705367 ]
 [0.8716205 ]
 [0.8729565 ]
 [0.90075208]
 [0.90894605]
 [0.8798527 ]
 [0.904574  ]
 [0.92549336]
 [0.91854246]
 [0.9001853 ]
 [0.91971   ]
 [0.88537365]
 [0.89273596]
 [0.91061675]
 [0.88985367]
 [0.93219851]
 [0.89693436]
 [0.93399661]
 [0.90933474]
 [0.92225237]
 [0.9329334 ]
 [0.86713401]
 [0.90870768]
 [0.90782776]
 [0.95868738]
 [0.93943157]
 [0.8881297 ]
 [0.92360947]
 [0.95362196]
 [0.86915162]
 [0.91753652]
 [0.88612202]
 [0.85411367]
 [0.95550873]
 [0.93419955]
 [0.93212959]
 [0.92444706]
 [0.85069553]
 [0.93078596]
 [0.9336843 ]
 [1.00505367]
 [0.8682295 ]
 [0.87428944]
 [0.84664393]
 [0.89063655]
 [0.89067023]
 [0.86341639]
 [0.91383606]
 [0.90562135]
 [0.90722004]
 [0.86557439]
 [0.91520377]
 [0.93527765]
 [0.9271949 ]
 [0.89677053]
 [0.92412726]]