[[0.442943  ]
 [0.41859608]
 [0.51124575]
 [0.44970831]
 [0.46236123]
 [0.44990853]
 [0.44852081]
 [0.45191035]
 [0.45598876]
 [0.44637769]
 [0.46019987]
 [0.46150895]
 [0.47751811]
 [0.41712577]
 [0.44613043]
 [0.53410978]
 [0.44725063]
 [0.47752263]
 [0.60431276]
 [0.51698005]
 [0.45611028]
 [0.45646977]
 [0.44395889]
 [0.50009455]
 [0.4680824 ]
 [0.46446784]
 [0.48817007]
 [0.47857955]
 [0.50573695]
 [0.4548162 ]
 [0.45999599]
 [0.46413952]
 [0.50436981]
 [0.5051774 ]
 [0.45407017]
 [0.46383764]
 [0.47095174]
 [0.48184294]
 [0.46324053]
 [0.46567767]
 [0.49131659]
 [0.47191262]
 [0.51818731]
 [0.48690436]
 [0.50696245]
 [0.63924671]
 [0.4901045 ]
 [0.5132593 ]
 [0.50711233]
 [0.50826552]
 [0.51687436]
 [0.48559091]
 [0.46559984]
 [0.5110442 ]
 [0.47278531]
 [0.4931556 ]
 [0.49783024]
 [0.45666392]
 [0.50136748]
 [0.52968266]
 [0.49978304]
 [0.48251907]
 [0.49176202]
 [0.60576476]
 [0.475237  ]
 [0.53410537]
 [0.50886642]
 [0.50021407]
 [0.45926888]
 [0.5059785 ]
 [0.45606811]
 [0.64707673]
 [0.45681823]
 [0.48159424]
 [0.48446726]
 [0.51153204]
 [0.50455135]
 [0.47686138]
 [0.48705223]
 [0.65376128]
 [0.50533715]
 [0.50371057]
 [0.49787031]
 [0.5142786 ]
 [0.48680842]
 [0.47740139]
 [0.50749937]
 [0.50947066]
 [0.48722676]
 [0.62766382]
 [0.45118153]
 [0.52845671]
 [0.62051749]
 [0.60223111]
 [0.49213703]
 [0.55014116]
 [0.49595628]
 [0.50630927]
 [0.4453378 ]
 [0.49653647]
 [0.49680898]
 [0.62530014]
 [0.50120744]
 [0.50257794]
 [0.47892097]
 [0.51237483]
 [0.44795672]
 [0.50442549]
 [0.45121538]
 [0.60936655]
 [0.61195772]
 [0.51778692]
 [0.49958786]
 [0.53142778]
 [0.53991278]
 [0.67101603]
 [0.63827908]
 [0.61419528]
 [0.53080032]
 [0.47627655]
 [0.64093441]
 [0.47517073]
 [0.5929915 ]
 [0.54625721]
 [0.62712392]
 [0.67614799]
 [0.53004207]
 [0.54179604]
 [0.5418006 ]
 [0.54285883]
 [0.54279812]
 [0.52212547]
 [0.52703674]
 [0.54319246]
 [0.54505432]
 [0.48294491]
 [0.51949393]
 [0.52587006]
 [0.62671074]
 [0.54729347]
 [0.54913821]
 [0.53237626]
 [0.55240119]
 [0.55221298]
 [0.54880047]
 [0.52449908]
 [0.55492019]
 [0.51251328]
 [0.56011783]
 [0.63541288]
 [0.63476011]
 [0.56222987]
 [0.53240245]
 [0.53378174]
 [0.55866886]
 [0.53456827]
 [0.64516705]
 [0.54122117]
 [0.55143323]
 [0.57660077]
 [0.63002591]
 [0.52215182]
 [0.56104411]
 [0.64737528]
 [0.64609701]
 [0.64641072]
 [0.64772088]
 [0.5271189 ]
 [0.52877009]
 [0.6504613 ]
 [0.56372609]
 [0.55537476]
 [0.5729212 ]
 [0.58058384]
 [0.56307733]
 [0.51957493]
 [0.5645187 ]
 [0.51264282]
 [0.60394238]
 [0.52218666]
 [0.65723971]
 [0.59727316]
 [0.5776546 ]
 [0.55037168]
 [0.54152129]
 [0.56681142]
 [0.58702817]
 [0.66261003]
 [0.5995094 ]
 [0.57768352]
 [0.52348379]
 [0.53956446]
 [0.55954221]
 [0.55924402]
 [0.55487698]
 [0.56844729]
 [0.58762405]
 [0.62772847]
 [0.55411718]
 [0.63663979]
 [0.55988577]
 [0.64898777]
 [0.63377695]
 [0.58346698]
 [0.64907087]
 [0.57138834]
 [0.726097  ]
 [0.54573057]
 [0.71960287]
 [0.61588647]
 [0.68278979]
 [0.60597224]
 [0.64774583]
 [0.62069319]
 [0.5921995 ]
 [0.59602733]
 [0.59636401]
 [0.62275523]
 [0.59712324]
 [0.71136718]
 [0.57034035]
 [0.69189991]
 [0.62739203]
 [0.63414176]
 [0.54105509]
 [0.63635405]
 [0.60854629]
 [0.68543709]
 [0.61185099]
 [0.54360181]
 [0.70988146]
 [0.54922178]
 [0.60206694]
 [0.63311662]
 [0.60675855]
 [0.7255651 ]
 [0.57882549]
 [0.61618928]
 [0.59249532]
 [0.58621241]
 [0.61828326]
 [0.66130663]
 [0.61603146]
 [0.63555774]
 [0.70435377]
 [0.65941051]
 [0.61328178]
 [0.58718059]
 [0.62207842]
 [0.66839944]
 [0.63834809]
 [0.75248116]
 [0.64019893]
 [0.58577741]
 [0.64933796]
 [0.69969304]
 [0.585672  ]
 [0.62685749]
 [0.62565688]
 [0.62230972]
 [0.63612829]
 [0.66980356]
 [0.6322113 ]
 [0.61744727]
 [0.71899748]
 [0.62797494]
 [0.67271007]
 [0.60476122]
 [0.71871003]
 [0.69913465]
 [0.59278143]
 [0.6123057 ]
 [0.60565121]
 [0.63625718]
 [0.60958598]
 [0.65484463]
 [0.67848842]
 [0.63866236]
 [0.7331265 ]
 [0.61673783]
 [0.58921897]
 [0.62228968]
 [0.68139972]
 [0.72662071]
 [0.73596351]
 [0.64049732]
 [0.66804324]
 [0.64451356]
 [0.63312619]
 [0.68455833]
 [0.71361574]
 [0.6449913 ]
 [0.62105269]
 [0.63425846]
 [0.63898739]
 [0.69162109]
 [0.64121182]
 [0.73836472]
 [0.70285534]
 [0.64093425]
 [0.74241502]
 [0.67905618]
 [0.71273204]
 [0.76100501]
 [0.642475  ]
 [0.66700553]
 [0.71301124]
 [0.59498561]
 [0.69779584]
 [0.65289449]
 [0.68808009]
 [0.64638537]
 [0.72838708]
 [0.65895106]
 [0.60859628]
 [0.68343049]
 [0.6144607 ]
 [0.70317831]
 [0.68294155]
 [0.65375437]
 [0.63631337]
 [0.70503997]
 [0.75339789]
 [0.66112554]
 [0.72355933]
 [0.63700902]
 [0.7293054 ]
 [0.75832096]
 [0.68675252]
 [0.67367071]
 [0.70347525]
 [0.71603298]
 [0.71513402]
 [0.77262779]
 [0.67261258]
 [0.62839207]
 [0.71763068]
 [0.74325981]
 [0.61846093]
 [0.68564891]
 [0.72049293]
 [0.70901386]
 [0.70254308]
 [0.6457364 ]
 [0.76733051]
 [0.66777346]
 [0.63069332]
 [0.66026682]
 [0.80275549]
 [0.72899654]
 [0.80662294]
 [0.75614769]
 [0.6303354 ]
 [0.65111961]
 [0.81189733]
 [0.7309425 ]
 [0.7119662 ]
 [0.66431359]
 [0.65364414]
 [0.77803189]
 [0.67766389]
 [0.67447373]
 [0.68405899]
 [0.69129785]
 [0.66880669]
 [0.7816288 ]
 [0.69205463]
 [0.67788881]
 [0.73733087]
 [0.69298164]
 [0.64042028]
 [0.82019263]
 [0.79523502]
 [0.6925728 ]
 [0.69021694]
 [0.70714694]
 [0.68677352]
 [0.71052329]
 [0.79636222]
 [0.64656819]
 [0.67871568]
 [0.79093005]
 [0.73455771]
 [0.72400908]
 [0.69927139]
 [0.6185479 ]
 [0.6772548 ]
 [0.73291894]
 [0.82159842]
 [0.73063355]
 [0.72891265]
 [0.68208416]
 [0.68669867]
 [0.65972437]
 [0.83374077]
 [0.68411948]
 [0.82906586]
 [0.68397013]
 [0.76666495]
 [0.63714519]
 [0.64104041]
 [0.69527222]
 [0.71758894]
 [0.69933203]
 [0.72711342]
 [0.70465979]
 [0.7089045 ]
 [0.76998365]
 [0.66543636]
 [0.71410185]
 [0.83692868]
 [0.63727037]
 [0.73807214]
 [0.67977987]
 [0.70284531]
 [0.71815256]
 [0.84380801]
 [0.79667369]
 [0.66736839]
 [0.69299125]
 [0.69002659]
 [0.71798471]
 [0.72569429]
 [0.77770011]
 [0.78274436]
 [0.72437653]
 [0.78237852]
 [0.64096964]
 [0.72469764]
 [0.66046005]
 [0.82849951]
 [0.8319497 ]
 [0.71106543]
 [0.7188578 ]
 [0.69638048]
 [0.70915973]
 [0.82769288]
 [0.7124144 ]
 [0.79393931]
 [0.70177702]
 [0.73594438]
 [0.68197674]
 [0.84718453]
 [0.78321055]
 [0.69231215]
 [0.65350909]
 [0.73857154]
 [0.71357106]
 [0.68201455]
 [0.74121734]
 [0.72280609]
 [0.68422321]
 [0.72634351]
 [0.77454181]
 [0.83822422]
 [0.65240646]
 [0.75779889]
 [0.72146281]
 [0.86780068]
 [0.75314002]
 [0.73842721]
 [0.75250385]
 [0.72819635]
 [0.78542287]
 [0.73645106]
 [0.76325794]
 [0.74182119]
 [0.85624113]
 [0.73602434]
 [0.77917285]
 [0.70530954]
 [0.77410049]
 [0.7833506 ]
 [0.81181305]
 [0.73632812]
 [0.74349356]
 [0.81375336]
 [0.81480049]
 [0.78214414]
 [0.74644479]
 [0.75940387]
 [0.73788336]
 [0.88423267]
 [0.74928794]
 [0.78346814]
 [0.73155305]
 [0.78011139]
 [0.78311755]
 [0.88867918]
 [0.82659642]
 [0.74413319]
 [0.75265971]
 [0.74317241]
 [0.73461818]
 [0.71296857]
 [0.74574025]
 [0.75358609]
 [0.75320052]
 [0.77496014]
 [0.76121812]
 [0.74475361]
 [0.80382976]
 [0.82187085]
 [0.73262396]
 [0.76067839]
 [0.75726386]
 [0.78598784]
 [0.71877405]
 [0.7447758 ]
 [0.82499688]
 [0.78094442]
 [0.76104769]
 [0.79323198]
 [0.8069496 ]
 [0.7549232 ]
 [0.74442961]
 [0.75639089]
 [0.81341245]
 [0.76019607]
 [0.76497915]
 [0.79624883]
 [0.7867902 ]
 [0.81152056]
 [0.81388215]
 [0.76862139]
 [0.79647266]
 [0.76909901]
 [0.76530093]
 [0.78616519]
 [0.77716375]
 [0.85405756]
 [0.91324937]
 [0.80159276]
 [0.82026162]
 [0.86090699]
 [0.79362131]
 [0.80911716]
 [0.86691327]
 [0.86115606]
 [0.77493254]
 [0.76439937]
 [0.79737419]
 [0.91923639]
 [0.80022505]
 [0.81284088]
 [0.74277409]
 [0.78898063]
 [0.78857843]
 [0.78681589]
 [0.78518635]
 [0.7861757 ]
 [0.81427128]
 [0.78920786]
 [0.87740822]
 [0.78543024]
 [0.82253734]
 [0.77366817]
 [0.82954095]
 [0.77333252]
 [0.76995218]
 [0.84200083]
 [0.76136551]
 [0.76316754]
 [0.7873932 ]
 [0.87949769]
 [0.77687593]
 [0.83323147]
 [0.80147848]
 [0.82752265]
 [0.80162306]
 [0.82331819]
 [0.81867015]
 [0.81563134]
 [0.76194488]
 [0.8363669 ]
 [0.80567455]
 [0.80447694]
 [0.823116  ]
 [0.82042703]
 [0.83422266]
 [0.75965998]
 [0.81150359]
 [0.81529554]
 [0.82881224]
 [0.84016219]
 [0.89848399]
 [0.8193299 ]
 [0.8116809 ]
 [0.82307247]
 [0.81068644]
 [0.83262112]
 [0.79521668]
 [0.82546801]
 [0.7996626 ]
 [0.81783362]
 [0.8539222 ]
 [0.80031933]
 [0.85958194]
 [0.80710391]
 [0.80258847]
 [0.80030358]
 [0.83091771]
 [0.8621655 ]
 [0.84979596]
 [0.86462113]
 [0.81677483]
 [0.81965035]
 [0.8361302 ]
 [0.81977656]
 [0.86875091]
 [0.83900279]
 [0.82086101]
 [0.82319174]
 [0.81057315]
 [0.83218597]
 [0.87003744]
 [0.84872623]
 [0.845715  ]
 [0.87552871]
 [0.88659107]
 [0.84177361]
 [0.85280756]
 [0.89532482]
 [0.86679065]
 [0.82532829]
 [0.86366101]
 [0.85736413]
 [0.82081237]
 [0.86766384]
 [0.89048638]
 [0.84804333]
 [0.85999666]
 [0.87346073]
 [0.82066509]
 [0.8530374 ]
 [0.89422548]
 [0.88101788]
 [0.87006962]
 [0.8903776 ]
 [0.89486762]
 [0.89496059]
 [0.87699119]
 [0.89282829]
 [0.86695605]
 [0.87964225]
 [0.89291191]
 [0.90080322]
 [0.90220875]
 [0.89371957]
 [0.8728993 ]
 [0.90349412]
 [0.90071136]
 [0.88501872]
 [0.9305446 ]
 [0.84613932]
 [0.93185523]
 [0.91816717]
 [0.91031667]
 [0.92398336]
 [0.8337059 ]
 [0.93262087]
 [0.93151049]
 [0.91725825]
 [0.93552915]
 [0.91250827]
 [0.92390126]
 [0.93061704]
 [0.83291165]
 [0.92927687]
 [0.92661419]
 [0.82333357]
 [0.94364652]
 [0.95417278]
 [0.94336909]
 [0.95313403]
 [0.81229965]
 [0.95397436]
 [0.91563633]
 [0.99929555]
 [0.82117527]
 [0.81159833]
 [0.81646956]
 [0.90138488]
 [0.88408326]
 [0.87077084]
 [0.86875027]
 [0.84390623]
 [0.90898612]
 [0.88559398]
 [0.87197059]
 [0.94482912]
 [0.93918002]
 [0.91151003]
 [0.9402976 ]]