[[0.60311066]
 [0.58384908]
 [0.61868072]
 [0.59844998]
 [0.59798327]
 [0.59937685]
 [0.52653491]
 [0.55318022]
 [0.60978619]
 [0.55950871]
 [0.60666137]
 [0.55734705]
 [0.58844208]
 [0.58469439]
 [0.61371798]
 [0.58713737]
 [0.60353991]
 [0.58920464]
 [0.59427459]
 [0.62712282]
 [0.53893144]
 [0.60402124]
 [0.6157933 ]
 [0.60921566]
 [0.60440721]
 [0.5576184 ]
 [0.62583949]
 [0.60116199]
 [0.61057845]
 [0.53403002]
 [0.6064144 ]
 [0.5572323 ]
 [0.59245036]
 [0.61285513]
 [0.60806607]
 [0.60812078]
 [0.58069874]
 [0.60892931]
 [0.60865495]
 [0.60933347]
 [0.62829493]
 [0.61898729]
 [0.588851  ]
 [0.59529672]
 [0.62366153]
 [0.59122083]
 [0.59845494]
 [0.60518848]
 [0.62243071]
 [0.6225153 ]
 [0.59114689]
 [0.61270622]
 [0.61297748]
 [0.612198  ]
 [0.55675292]
 [0.61733502]
 [0.61580978]
 [0.62528668]
 [0.62330496]
 [0.60350331]
 [0.62640875]
 [0.60311564]
 [0.59997065]
 [0.63538276]
 [0.63233007]
 [0.63509839]
 [0.61236336]
 [0.6247436 ]
 [0.62803043]
 [0.63996941]
 [0.62458368]
 [0.62141021]
 [0.61901688]
 [0.57372712]
 [0.58190123]
 [0.64637387]
 [0.63328471]
 [0.57814935]
 [0.63240145]
 [0.62273474]
 [0.62479494]
 [0.60989864]
 [0.61168863]
 [0.63272208]
 [0.57498429]
 [0.62399155]
 [0.62726618]
 [0.63591334]
 [0.62427527]
 [0.6386767 ]
 [0.61130408]
 [0.62747814]
 [0.64833569]
 [0.69700327]
 [0.62886357]
 [0.64660738]
 [0.56292375]
 [0.60919277]
 [0.61052984]
 [0.58841916]
 [0.5992393 ]
 [0.68102599]
 [0.57119166]
 [0.60292578]
 [0.63366754]
 [0.58002718]
 [0.61279201]
 [0.60449222]
 [0.63782761]
 [0.71506787]
 [0.71960334]
 [0.64236269]
 [0.63465822]
 [0.64662465]
 [0.6383819 ]
 [0.64821678]
 [0.67887529]
 [0.7171624 ]
 [0.6478626 ]
 [0.64800489]
 [0.67703917]
 [0.63517021]
 [0.63580634]
 [0.65259942]
 [0.71513544]
 [0.6577587 ]
 [0.63944292]
 [0.65234885]
 [0.65231617]
 [0.64471195]
 [0.65480056]
 [0.604601  ]
 [0.64488591]
 [0.6463136 ]
 [0.6496218 ]
 [0.65461728]
 [0.67461639]
 [0.63171753]
 [0.73588407]
 [0.64681008]
 [0.64631623]
 [0.63718657]
 [0.64606809]
 [0.65912005]
 [0.65703949]
 [0.67882806]
 [0.65185137]
 [0.65164295]
 [0.67430875]
 [0.73983446]
 [0.73402041]
 [0.66064962]
 [0.63342934]
 [0.61364579]
 [0.66759268]
 [0.62026899]
 [0.695207  ]
 [0.66161077]
 [0.65786048]
 [0.66988357]
 [0.66233852]
 [0.66461824]
 [0.65799764]
 [0.75786556]
 [0.75871432]
 [0.74678216]
 [0.74975637]
 [0.66788499]
 [0.66758447]
 [0.76741351]
 [0.67721704]
 [0.66599448]
 [0.67469679]
 [0.68104866]
 [0.67188739]
 [0.69837714]
 [0.66897191]
 [0.66734469]
 [0.71114276]
 [0.70237112]
 [0.70600195]
 [0.69329185]
 [0.68226786]
 [0.6980505 ]
 [0.67318208]
 [0.68984825]
 [0.70697678]
 [0.76888055]
 [0.70063201]
 [0.67613686]
 [0.71043455]
 [0.70749517]
 [0.69742306]
 [0.67862448]
 [0.65942644]
 [0.69767694]
 [0.69133227]
 [0.72625725]
 [0.7025519 ]
 [0.72862732]
 [0.70712517]
 [0.66985819]
 [0.73399472]
 [0.68585375]
 [0.72578815]
 [0.68620562]
 [0.74435807]
 [0.72049277]
 [0.73163193]
 [0.70434323]
 [0.79243777]
 [0.7011325 ]
 [0.74440624]
 [0.69866644]
 [0.71314577]
 [0.69218925]
 [0.69392279]
 [0.73965515]
 [0.70987139]
 [0.7161972 ]
 [0.65970391]
 [0.74648436]
 [0.70193869]
 [0.7057198 ]
 [0.71040099]
 [0.69504105]
 [0.71364631]
 [0.77261628]
 [0.71647545]
 [0.70206002]
 [0.75158825]
 [0.71372405]
 [0.7245693 ]
 [0.70686394]
 [0.71655879]
 [0.72642163]
 [0.72609288]
 [0.71823546]
 [0.73379424]
 [0.72405587]
 [0.74146875]
 [0.7628185 ]
 [0.70635045]
 [0.74515115]
 [0.83082434]
 [0.76809053]
 [0.72426422]
 [0.67976699]
 [0.72086356]
 [0.74060159]
 [0.73924282]
 [0.77132746]
 [0.74557136]
 [0.73319098]
 [0.76787213]
 [0.77732774]
 [0.73359753]
 [0.71607981]
 [0.71575427]
 [0.7274027 ]
 [0.75561198]
 [0.79511979]
 [0.74138837]
 [0.74192025]
 [0.77587318]
 [0.72718694]
 [0.7993001 ]
 [0.69943438]
 [0.84703814]
 [0.70774534]
 [0.74112206]
 [0.74254974]
 [0.74286866]
 [0.72516531]
 [0.70397567]
 [0.74894558]
 [0.80863039]
 [0.73565124]
 [0.81999733]
 [0.75432614]
 [0.77345074]
 [0.76291403]
 [0.8035324 ]
 [0.82168774]
 [0.7806399 ]
 [0.7428001 ]
 [0.78575543]
 [0.73163921]
 [0.75529195]
 [0.81670806]
 [0.7549015 ]
 [0.75950546]
 [0.75605225]
 [0.74704411]
 [0.75823548]
 [0.75495255]
 [0.74813416]
 [0.84930059]
 [0.81007105]
 [0.76040585]
 [0.84283823]
 [0.7248987 ]
 [0.77722413]
 [0.81924457]
 [0.73982993]
 [0.80434156]
 [0.79568471]
 [0.75401197]
 [0.82910877]
 [0.75917774]
 [0.81579365]
 [0.74842098]
 [0.76828538]
 [0.75483762]
 [0.76193249]
 [0.79044115]
 [0.79887586]
 [0.83478196]
 [0.7564984 ]
 [0.76918785]
 [0.77027333]
 [0.83613303]
 [0.87448202]
 [0.76666247]
 [0.77074556]
 [0.76894104]
 [0.79967581]
 [0.85777922]
 [0.80136914]
 [0.79359155]
 [0.84265903]
 [0.8213638 ]
 [0.83782863]
 [0.8288911 ]
 [0.79148836]
 [0.77475665]
 [0.80761374]
 [0.82324677]
 [0.76805995]
 [0.84737414]
 [0.84142905]
 [0.85496626]
 [0.81336901]
 [0.77945566]
 [0.87703064]
 [0.78386859]
 [0.76896512]
 [0.7764651 ]
 [0.80800229]
 [0.74641868]
 [0.8216018 ]
 [0.75519588]
 [0.7753667 ]
 [0.78604323]
 [0.82285254]
 [0.86006335]
 [0.81424006]
 [0.78295143]
 [0.77051303]
 [0.89910397]
 [0.78078474]
 [0.85877292]
 [0.81015871]
 [0.78239897]
 [0.78756044]
 [0.8907828 ]
 [0.787254  ]
 [0.78787456]
 [0.87492868]
 [0.78837758]
 [0.85104307]
 [0.83645097]
 [0.87071315]
 [0.80980467]
 [0.80550484]
 [0.85610371]
 [0.80580376]
 [0.83213186]
 [0.88523291]
 [0.85234311]
 [0.79491271]
 [0.8979407 ]
 [0.83918157]
 [0.87979208]
 [0.827233  ]
 [0.83301951]
 [0.79266445]
 [0.84314428]
 [0.85376805]
 [0.83079709]
 [0.84457417]
 [0.86408259]
 [0.81699063]
 [0.80525541]
 [0.85469932]
 [0.7964746 ]
 [0.81856691]
 [0.82363772]
 [0.85187043]
 [0.75514731]
 [0.84887604]
 [0.8240545 ]
 [0.83487831]
 [0.83872362]
 [0.85385631]
 [0.80418852]
 [0.81068416]
 [0.89783106]
 [0.81211792]
 [0.80641376]
 [0.84016614]
 [0.82837254]
 [0.84458647]
 [0.82152243]
 [0.83040417]
 [0.85472237]
 [0.86584298]
 [0.8474062 ]
 [0.7550632 ]
 [0.81852291]
 [0.80527986]
 [0.8475493 ]
 [0.85629222]
 [0.90176793]
 [0.8726649 ]
 [0.81469247]
 [0.86510362]
 [0.81582203]
 [0.818698  ]
 [0.75872601]
 [0.91435404]
 [0.88954791]
 [0.83467282]
 [0.82130772]
 [0.81285734]
 [0.83581963]
 [0.86694479]
 [0.8185501 ]
 [0.89508967]
 [0.83153695]
 [0.85924874]
 [0.82517284]
 [0.83296536]
 [0.9167664 ]
 [0.82858167]
 [0.79360682]
 [0.78295953]
 [0.82495734]
 [0.82174769]
 [0.84595798]
 [0.83608332]
 [0.82923642]
 [0.8583117 ]
 [0.87170193]
 [0.92431167]
 [0.82597434]
 [0.81521045]
 [0.83761927]
 [0.88436925]
 [0.84758674]
 [0.83209646]
 [0.89217241]
 [0.8377947 ]
 [0.88745402]
 [0.9216344 ]
 [0.89252441]
 [0.92546047]
 [0.89762589]
 [0.83892691]
 [0.87574561]
 [0.84223753]
 [0.83254657]
 [0.88191067]
 [0.93075778]
 [0.8947469 ]
 [0.84126083]
 [0.93401828]
 [0.87708799]
 [0.89557252]
 [0.90002343]
 [0.91020496]
 [0.83104229]
 [0.89434324]
 [0.87743515]
 [0.87679471]
 [0.86593595]
 [0.90411291]
 [0.90760589]
 [0.89513012]
 [0.93829498]
 [0.84123784]
 [0.84739602]
 [0.84965418]
 [0.84988352]
 [0.82627139]
 [0.88008507]
 [0.87020398]
 [0.86131272]
 [0.88369728]
 [0.86890945]
 [0.8659549 ]
 [0.89421626]
 [0.95701859]
 [0.86254422]
 [0.85563853]
 [0.86476746]
 [0.8820614 ]
 [0.80096319]
 [0.85805423]
 [0.96080125]
 [0.87894783]
 [0.93893846]
 [0.87872922]
 [0.88980655]
 [0.87343886]
 [0.8895172 ]
 [0.86176569]
 [0.89848657]
 [0.88319004]
 [0.89994525]
 [0.89287391]
 [0.86922071]
 [0.96301003]
 [0.91507089]
 [0.85829133]
 [0.89313083]
 [0.90725571]
 [0.86785805]
 [0.90669383]
 [0.95637518]
 [0.93246842]
 [0.91670027]
 [0.9180334 ]
 [0.94379577]
 [0.96925181]
 [0.8828415 ]
 [0.87424926]
 [0.96858683]
 [0.96506273]
 [0.90328733]
 [0.88040744]
 [0.8764876 ]
 [0.92117829]
 [0.89538001]
 [0.93407942]
 [0.8507358 ]
 [0.91334685]
 [0.88272364]
 [0.91724798]
 [0.91820092]
 [0.89778936]
 [0.89438906]
 [0.88718126]
 [0.97377218]
 [0.90524407]
 [0.98476945]
 [0.89270169]
 [0.95305098]
 [0.89606231]
 [0.91047352]
 [0.96763664]
 [0.92690326]
 [0.97999103]
 [0.87094692]
 [0.97761645]
 [0.92586104]
 [0.98599869]
 [0.88748794]
 [0.90280954]
 [0.92210221]
 [0.9388382 ]
 [0.93351138]
 [0.92525213]
 [0.86222778]
 [0.94585507]
 [0.93626997]
 [0.89414796]
 [0.89757426]
 [0.97824542]
 [0.92145222]
 [0.8712769 ]
 [0.96004589]
 [0.88222093]
 [0.93236837]
 [0.92617938]
 [0.97872474]
 [0.92540701]
 [0.95928021]
 [0.90257231]
 [0.92778334]
 [0.90662691]
 [0.91914195]
 [0.92461426]
 [0.94571722]
 [0.94624782]
 [0.93227625]
 [0.92500898]
 [0.92001547]
 [0.94872021]
 [0.92823333]
 [0.92359002]
 [0.94545641]
 [0.9305488 ]
 [0.92037694]
 [0.92339433]
 [0.93450871]
 [0.95295232]
 [0.94422322]
 [0.95165821]
 [0.92386037]
 [0.95477012]
 [0.87559887]
 [0.89840714]
 [0.95659039]
 [0.92827271]
 [0.93555203]
 [0.9758446 ]
 [0.94623618]
 [0.9384169 ]
 [0.95393529]
 [0.96789155]
 [0.98176041]
 [0.96063791]
 [0.94885665]
 [0.9531245 ]
 [0.97214   ]
 [0.98852765]
 [0.88954212]
 [0.99597727]
 [0.96019149]
 [0.96830513]
 [0.97096714]
 [1.00372807]
 [0.89688418]
 [0.99112504]
 [0.98852949]
 [1.00375432]
 [0.98354709]
 [0.9863448 ]
 [0.96762123]
 [0.97002451]
 [0.99215799]
 [1.01129258]
 [0.98809165]
 [0.99327339]
 [1.01796059]
 [0.99319167]
 [0.99759269]
 [1.01734665]
 [1.01262022]
 [1.01097367]
 [1.02749586]
 [1.00417005]
 [1.01936034]
 [0.91730814]
 [1.01296103]
 [1.01945846]
 [1.03728046]
 [1.02790941]
 [0.89125919]
 [1.00051163]
 [1.02399981]
 [1.01316101]
 [1.03356907]
 [1.04174883]
 [1.04691008]
 [1.0523982 ]
 [0.8830628 ]
 [1.05677945]
 [1.05652312]
 [0.91309628]
 [1.06913168]
 [1.02862452]
 [1.07408074]
 [1.05116905]
 [0.92151498]
 [1.07294662]
 [0.96495498]
 [1.06439947]
 [0.86314615]
 [0.92128405]
 [0.91583349]
 [0.94014655]
 [0.94387453]
 [0.91349488]
 [0.98294842]
 [0.9571126 ]
 [0.99596167]
 [0.93866111]
 [0.99042123]
 [1.02070673]
 [0.95088522]
 [0.9897081 ]
 [1.01628915]]