[[0.51517212]
 [0.5280354 ]
 [0.51604587]
 [0.52876539]
 [0.53072349]
 [0.52992819]
 [0.5240042 ]
 [0.5337523 ]
 [0.52788124]
 [0.53466605]
 [0.53148773]
 [0.53371267]
 [0.53692717]
 [0.53595658]
 [0.53823355]
 [0.52950395]
 [0.53812424]
 [0.54070959]
 [0.53653498]
 [0.53999608]
 [0.53744538]
 [0.54009139]
 [0.54159388]
 [0.54495227]
 [0.54188269]
 [0.54333548]
 [0.54003779]
 [0.54421679]
 [0.54263334]
 [0.53854871]
 [0.54501228]
 [0.54513162]
 [0.5395822 ]
 [0.54111287]
 [0.54749081]
 [0.54776596]
 [0.5484317 ]
 [0.5494594 ]
 [0.55071922]
 [0.549809  ]
 [0.54696401]
 [0.55410001]
 [0.5467003 ]
 [0.55387007]
 [0.54567804]
 [0.55154587]
 [0.55330541]
 [0.55256308]
 [0.54883884]
 [0.56206956]
 [0.54554739]
 [0.55714204]
 [0.55809266]
 [0.55832739]
 [0.55752732]
 [0.55158877]
 [0.55408368]
 [0.55473676]
 [0.55854489]
 [0.55682067]
 [0.54817467]
 [0.5595708 ]
 [0.56463341]
 [0.5654884 ]
 [0.55961019]
 [0.57024946]
 [0.56817478]
 [0.56120849]
 [0.5605027 ]
 [0.56246741]
 [0.56125528]
 [0.56611566]
 [0.5662327 ]
 [0.55765844]
 [0.56078441]
 [0.57224219]
 [0.56092263]
 [0.56939508]
 [0.56782399]
 [0.56958958]
 [0.56245396]
 [0.57612795]
 [0.57295914]
 [0.57853679]
 [0.56873126]
 [0.57347913]
 [0.56590183]
 [0.56701546]
 [0.57503378]
 [0.57465035]
 [0.57568596]
 [0.57350804]
 [0.57776178]
 [0.5808274 ]
 [0.57839119]
 [0.58309022]
 [0.57558293]
 [0.58438508]
 [0.58239809]
 [0.57631597]
 [0.57778711]
 [0.58456238]
 [0.58357528]
 [0.58595827]
 [0.58152159]
 [0.58165821]
 [0.5860635 ]
 [0.58787965]
 [0.5942292 ]
 [0.58767951]
 [0.58941045]
 [0.57840893]
 [0.59251403]
 [0.59113067]
 [0.58935171]
 [0.58930701]
 [0.59161762]
 [0.59219739]
 [0.59498762]
 [0.59143981]
 [0.59246004]
 [0.59868654]
 [0.56584224]
 [0.59157476]
 [0.59498069]
 [0.59422811]
 [0.58601845]
 [0.59584075]
 [0.59523678]
 [0.58890487]
 [0.59821868]
 [0.59442821]
 [0.59339641]
 [0.59877101]
 [0.5979029 ]
 [0.60063878]
 [0.59176739]
 [0.60072466]
 [0.60165276]
 [0.59830366]
 [0.60576103]
 [0.60332936]
 [0.60262064]
 [0.6036166 ]
 [0.60422385]
 [0.6116644 ]
 [0.6049115 ]
 [0.61380027]
 [0.60921705]
 [0.60509335]
 [0.60737276]
 [0.60779032]
 [0.60833509]
 [0.60665756]
 [0.61302544]
 [0.60921114]
 [0.60775878]
 [0.61143134]
 [0.61063025]
 [0.61217327]
 [0.60051652]
 [0.61395156]
 [0.61602255]
 [0.61277639]
 [0.61672119]
 [0.61624874]
 [0.61813055]
 [0.61341272]
 [0.61353762]
 [0.62045655]
 [0.62147654]
 [0.62134816]
 [0.6239369 ]
 [0.62119533]
 [0.6207839 ]
 [0.62289262]
 [0.62516873]
 [0.63197507]
 [0.62351274]
 [0.61561528]
 [0.6232306 ]
 [0.62287942]
 [0.62790369]
 [0.63443492]
 [0.63789521]
 [0.62892199]
 [0.63156571]
 [0.62500954]
 [0.63417158]
 [0.63770845]
 [0.63197418]
 [0.62620165]
 [0.63715282]
 [0.63504378]
 [0.63305001]
 [0.63935069]
 [0.64015839]
 [0.63425071]
 [0.64129583]
 [0.63526628]
 [0.63418467]
 [0.6380071 ]
 [0.63815278]
 [0.64838612]
 [0.63932484]
 [0.64275858]
 [0.63693051]
 [0.63919294]
 [0.63878568]
 [0.64490864]
 [0.63994346]
 [0.64863633]
 [0.64631335]
 [0.64551959]
 [0.65095225]
 [0.66570332]
 [0.65976453]
 [0.64690345]
 [0.65231339]
 [0.64660635]
 [0.64840178]
 [0.64819308]
 [0.65306718]
 [0.6495068 ]
 [0.65684082]
 [0.65123102]
 [0.65753586]
 [0.65437048]
 [0.66013855]
 [0.66117096]
 [0.65009435]
 [0.6556638 ]
 [0.66013212]
 [0.6576098 ]
 [0.65743853]
 [0.65283012]
 [0.65303134]
 [0.66585198]
 [0.66381241]
 [0.6575045 ]
 [0.66314701]
 [0.66031221]
 [0.67626988]
 [0.65939591]
 [0.65803795]
 [0.66218131]
 [0.66499868]
 [0.66156928]
 [0.66862134]
 [0.66476707]
 [0.66383797]
 [0.66083614]
 [0.66472268]
 [0.66096923]
 [0.66400732]
 [0.66451365]
 [0.67125693]
 [0.66896431]
 [0.66569894]
 [0.66900163]
 [0.67059602]
 [0.67061535]
 [0.67302753]
 [0.67670189]
 [0.66868853]
 [0.67548362]
 [0.67341353]
 [0.67623734]
 [0.67023097]
 [0.67588986]
 [0.67853771]
 [0.67028209]
 [0.68007422]
 [0.67807076]
 [0.68150431]
 [0.67551062]
 [0.67772082]
 [0.68365265]
 [0.67499172]
 [0.68051633]
 [0.67493599]
 [0.6780112 ]
 [0.68222325]
 [0.67773075]
 [0.67815291]
 [0.68622647]
 [0.68129831]
 [0.68341377]
 [0.68561774]
 [0.68390082]
 [0.6837293 ]
 [0.68907751]
 [0.69017716]
 [0.68428815]
 [0.68998698]
 [0.69006937]
 [0.69345554]
 [0.68594319]
 [0.6894763 ]
 [0.69193906]
 [0.68677905]
 [0.70566823]
 [0.69004684]
 [0.68936788]
 [0.69870541]
 [0.69333701]
 [0.69359741]
 [0.70937973]
 [0.69506288]
 [0.69888319]
 [0.69599706]
 [0.70130186]
 [0.6958065 ]
 [0.70406013]
 [0.69599523]
 [0.69822575]
 [0.69648505]
 [0.69980488]
 [0.69848363]
 [0.70435028]
 [0.70531356]
 [0.70018595]
 [0.69967348]
 [0.70599652]
 [0.70304578]
 [0.71065287]
 [0.70417313]
 [0.70228675]
 [0.70472301]
 [0.70177205]
 [0.70639222]
 [0.7076886 ]
 [0.70874723]
 [0.70624872]
 [0.70503192]
 [0.70848985]
 [0.70958424]
 [0.71071031]
 [0.69016734]
 [0.71144793]
 [0.71324685]
 [0.7137637 ]
 [0.71164001]
 [0.72130975]
 [0.71153159]
 [0.71351921]
 [0.69598202]
 [0.71987202]
 [0.71423682]
 [0.72496605]
 [0.71589122]
 [0.71693453]
 [0.69504696]
 [0.72726006]
 [0.71874535]
 [0.7217037 ]
 [0.72141001]
 [0.72866354]
 [0.72524108]
 [0.72051302]
 [0.72705219]
 [0.7245675 ]
 [0.73202897]
 [0.73244314]
 [0.73155884]
 [0.72411452]
 [0.73384251]
 [0.73380894]
 [0.72913595]
 [0.7336309 ]
 [0.72732161]
 [0.7279152 ]
 [0.7278055 ]
 [0.73723748]
 [0.75406211]
 [0.7304548 ]
 [0.73486047]
 [0.73326651]
 [0.73051916]
 [0.73283863]
 [0.74078894]
 [0.7319598 ]
 [0.73377449]
 [0.73669805]
 [0.74515923]
 [0.7277082 ]
 [0.73760007]
 [0.73711147]
 [0.73606766]
 [0.74118849]
 [0.73857657]
 [0.74077682]
 [0.74153014]
 [0.7576512 ]
 [0.74043958]
 [0.74566667]
 [0.74385992]
 [0.74843378]
 [0.74623565]
 [0.74305723]
 [0.74270024]
 [0.74226345]
 [0.76066397]
 [0.75656402]
 [0.75949182]
 [0.75153328]
 [0.75418187]
 [0.75059929]
 [0.7466022 ]
 [0.75316242]
 [0.74845307]
 [0.74600052]
 [0.75343153]
 [0.75516196]
 [0.7554329 ]
 [0.76369904]
 [0.7503399 ]
 [0.75086871]
 [0.75465751]
 [0.75991446]
 [0.75573073]
 [0.76228869]
 [0.76541803]
 [0.75784035]
 [0.75817346]
 [0.76137434]
 [0.75805843]
 [0.75601128]
 [0.763772  ]
 [0.76259518]
 [0.75495503]
 [0.75509975]
 [0.76010307]
 [0.7680016 ]
 [0.75956362]
 [0.76491388]
 [0.75790407]
 [0.76358238]
 [0.76503465]
 [0.7660378 ]
 [0.76350835]
 [0.75469701]
 [0.76413992]
 [0.76676593]
 [0.76393093]
 [0.76234049]
 [0.76595604]
 [0.77137163]
 [0.76560307]
 [0.7683509 ]
 [0.77095801]
 [0.77015043]
 [0.77226553]
 [0.76544704]
 [0.76508439]
 [0.77179086]
 [0.77167238]
 [0.77688541]
 [0.76861767]
 [0.77049055]
 [0.77631713]
 [0.78197288]
 [0.78054708]
 [0.77154359]
 [0.77708547]
 [0.7769372 ]
 [0.77801348]
 [0.77207793]
 [0.77588633]
 [0.77741133]
 [0.77950385]
 [0.7792144 ]
 [0.77923084]
 [0.78179889]
 [0.78913273]
 [0.78549273]
 [0.78353365]
 [0.77888962]
 [0.77881039]
 [0.78446999]
 [0.79072469]
 [0.7856057 ]
 [0.78159207]
 [0.789742  ]
 [0.78881694]
 [0.79012394]
 [0.78922254]
 [0.7898969 ]
 [0.7857207 ]
 [0.79189166]
 [0.79297253]
 [0.79222488]
 [0.79802625]
 [0.79506723]
 [0.79364435]
 [0.78222215]
 [0.79712811]
 [0.79763746]
 [0.8016804 ]
 [0.79122549]
 [0.79748784]
 [0.79565876]
 [0.79971885]
 [0.8012521 ]
 [0.80027909]
 [0.8007875 ]
 [0.80399734]
 [0.80060623]
 [0.80162146]
 [0.8029647 ]
 [0.79492326]
 [0.80454548]
 [0.80817046]
 [0.80810829]
 [0.80395329]
 [0.80849534]
 [0.80727555]
 [0.79932021]
 [0.80264598]
 [0.81387502]
 [0.81147581]
 [0.81045252]
 [0.81143013]
 [0.80453275]
 [0.81250857]
 [0.81200297]
 [0.81372139]
 [0.81287605]
 [0.81294371]
 [0.81635979]
 [0.81386206]
 [0.80992556]
 [0.81626825]
 [0.81658648]
 [0.8170574 ]
 [0.81505957]
 [0.81309499]
 [0.81813277]
 [0.82021978]
 [0.81406189]
 [0.82296168]
 [0.81507067]
 [0.81514265]
 [0.81620551]
 [0.82296696]
 [0.81971882]
 [0.82350643]
 [0.8231583 ]
 [0.82438623]
 [0.81739843]
 [0.82485701]
 [0.81439675]
 [0.82166109]
 [0.82626245]
 [0.80234583]
 [0.8257772 ]
 [0.83020189]
 [0.83098286]
 [0.82374687]
 [0.82965984]
 [0.83182962]
 [0.83312754]
 [0.83195304]
 [0.83269332]
 [0.8341724 ]
 [0.83632465]
 [0.83374785]
 [0.8002506 ]
 [0.82740171]
 [0.82163807]
 [0.83070078]
 [0.83397546]
 [0.83630519]
 [0.83900431]
 [0.82836158]
 [0.83870283]
 [0.82526326]
 [0.83403532]
 [0.84018208]
 [0.84079544]
 [0.82755559]
 [0.84258634]
 [0.83516226]
 [0.84060056]
 [0.84495961]
 [0.84727219]
 [0.84674475]
 [0.84554412]
 [0.81625308]
 [0.84340509]
 [0.85134055]
 [0.83699368]
 [0.8512522 ]
 [0.85603432]
 [0.83549275]
 [0.84769983]
 [0.85977195]
 [0.84439225]
 [0.86056432]
 [0.86237081]
 [0.85861738]
 [0.85295177]
 [0.85298122]
 [0.86317176]
 [0.85426647]
 [0.85810298]
 [0.85676754]
 [0.85681612]
 [0.8572885 ]
 [0.85618198]
 [0.84673991]
 [0.84744866]
 [0.87111953]
 [0.8697184 ]
 [0.86532096]
 [0.85899629]
 [0.88060188]
 [0.86146002]
 [0.86901221]
 [0.86621968]
 [0.8748044 ]
 [0.86897075]
 [0.86405674]
 [0.84789851]
 [0.87996059]
 [0.8592872 ]
 [0.86466585]
 [0.86845679]
 [0.89293273]
 [0.87942756]
 [0.87418343]
 [0.87876682]
 [0.89214406]
 [0.86421945]
 [0.87891135]
 [0.87955018]
 [0.87975754]
 [0.87931722]
 [0.87022078]
 [0.86684185]
 [0.86809863]
 [0.88370564]
 [0.89263269]
 [0.88026359]
 [0.88609218]
 [0.90817296]
 [0.91200413]
 [0.87904498]
 [0.89951192]
 [0.88703624]
 [0.88470942]
 [0.89731768]
 [0.886302  ]
 [0.89850583]
 [0.89427964]
 [0.90291404]
 [0.89411592]
 [0.90541049]
 [0.90213167]
 [0.86572594]
 [0.89454009]
 [0.89674055]
 [0.89859308]
 [0.9077118 ]
 [0.89250249]
 [0.90351121]
 [0.92216429]
 [0.86628722]
 [0.90027303]
 [0.89458586]
 [0.83876366]
 [0.92920437]
 [0.91229553]
 [0.91612101]
 [0.90352302]
 [0.83922321]
 [0.91820582]
 [0.93648008]
 [0.92587899]
 [0.87205089]
 [0.87145963]
 [0.84226875]
 [0.89427714]
 [0.89579204]
 [0.8680053 ]
 [0.90275135]
 [0.89942076]
 [0.91311064]
 [0.84894494]
 [0.91259294]
 [0.93759427]
 [0.91947432]
 [0.8864958 ]
 [0.89995116]]