[[0.43339718]
 [0.31643377]
 [0.47412437]
 [0.4084632 ]
 [0.40386817]
 [0.39976354]
 [0.4333655 ]
 [0.3311772 ]
 [0.41595672]
 [0.32591668]
 [0.41715209]
 [0.41755551]
 [0.41571967]
 [0.30309856]
 [0.4117199 ]
 [0.40536354]
 [0.40241803]
 [0.44364696]
 [0.38878253]
 [0.485211  ]
 [0.42002419]
 [0.39999203]
 [0.40850608]
 [0.4286684 ]
 [0.40531577]
 [0.35301404]
 [0.46749139]
 [0.44260953]
 [0.44048973]
 [0.44824219]
 [0.40106896]
 [0.33875604]
 [0.45591547]
 [0.47361649]
 [0.40709944]
 [0.40368144]
 [0.37097242]
 [0.4098568 ]
 [0.38872388]
 [0.40402936]
 [0.43166985]
 [0.4693141 ]
 [0.46888047]
 [0.4258811 ]
 [0.47794398]
 [0.41579732]
 [0.42963234]
 [0.4568165 ]
 [0.47842365]
 [0.44381563]
 [0.46411627]
 [0.45472883]
 [0.39170899]
 [0.4287791 ]
 [0.44246221]
 [0.43216286]
 [0.43123065]
 [0.42910187]
 [0.44296597]
 [0.48189137]
 [0.4471472 ]
 [0.39677544]
 [0.43057412]
 [0.40027264]
 [0.46057729]
 [0.49366485]
 [0.43501259]
 [0.45677607]
 [0.4307478 ]
 [0.48453025]
 [0.42139346]
 [0.41474867]
 [0.31617089]
 [0.438184  ]
 [0.43142335]
 [0.48129001]
 [0.45236822]
 [0.3670721 ]
 [0.48181971]
 [0.41858214]
 [0.43898783]
 [0.43902443]
 [0.45890069]
 [0.45403952]
 [0.38080641]
 [0.42698177]
 [0.44089521]
 [0.45842296]
 [0.42692494]
 [0.41112389]
 [0.32524038]
 [0.44314107]
 [0.4109619 ]
 [0.47641888]
 [0.43389401]
 [0.5096    ]
 [0.47025897]
 [0.44873262]
 [0.32670123]
 [0.3954571 ]
 [0.40088899]
 [0.42187598]
 [0.46016056]
 [0.44665848]
 [0.43809232]
 [0.46549476]
 [0.32878612]
 [0.44757207]
 [0.36253127]
 [0.47668002]
 [0.46375264]
 [0.45724984]
 [0.43233194]
 [0.47693624]
 [0.46860271]
 [0.43724608]
 [0.42770825]
 [0.46781125]
 [0.46562544]
 [0.44825664]
 [0.42927094]
 [0.376213  ]
 [0.4642654 ]
 [0.50731996]
 [0.44806303]
 [0.43538596]
 [0.44077881]
 [0.4837336 ]
 [0.48504163]
 [0.45908141]
 [0.47917099]
 [0.48719166]
 [0.4873687 ]
 [0.49889448]
 [0.48499025]
 [0.45366448]
 [0.52286789]
 [0.48988795]
 [0.4806649 ]
 [0.49983221]
 [0.45725849]
 [0.4742253 ]
 [0.52450426]
 [0.49460986]
 [0.49432624]
 [0.52724034]
 [0.46373959]
 [0.46327083]
 [0.5188533 ]
 [0.50697647]
 [0.50339121]
 [0.49240173]
 [0.48124566]
 [0.50369577]
 [0.48296506]
 [0.49457526]
 [0.52565225]
 [0.54758933]
 [0.45767826]
 [0.52563274]
 [0.49916772]
 [0.48666842]
 [0.46561892]
 [0.51460693]
 [0.49528719]
 [0.51716251]
 [0.5131928 ]
 [0.4928542 ]
 [0.4912733 ]
 [0.49373884]
 [0.51698174]
 [0.46733604]
 [0.49053613]
 [0.53392725]
 [0.55691547]
 [0.40699132]
 [0.4654497 ]
 [0.36383885]
 [0.55101094]
 [0.42239215]
 [0.55016688]
 [0.56167057]
 [0.51555915]
 [0.54555921]
 [0.47887846]
 [0.57648118]
 [0.54642269]
 [0.54121723]
 [0.54083392]
 [0.47985654]
 [0.42380234]
 [0.42746786]
 [0.53560783]
 [0.48199536]
 [0.45873817]
 [0.53124758]
 [0.50045243]
 [0.567643  ]
 [0.54615182]
 [0.57220164]
 [0.42384711]
 [0.529076  ]
 [0.56998719]
 [0.48418181]
 [0.58541861]
 [0.48838376]
 [0.48846779]
 [0.43907789]
 [0.50225447]
 [0.55621176]
 [0.55387796]
 [0.52655256]
 [0.57916783]
 [0.56872351]
 [0.55982279]
 [0.49618587]
 [0.49258909]
 [0.57647198]
 [0.54397864]
 [0.51855734]
 [0.49788124]
 [0.59713505]
 [0.58091109]
 [0.58399952]
 [0.52709141]
 [0.57936553]
 [0.58560267]
 [0.59168288]
 [0.53168601]
 [0.52384723]
 [0.58887699]
 [0.53430709]
 [0.56939752]
 [0.58616614]
 [0.59779308]
 [0.52492846]
 [0.45694299]
 [0.52488017]
 [0.57800469]
 [0.47922201]
 [0.57123367]
 [0.59088307]
 [0.50830901]
 [0.59213854]
 [0.55802557]
 [0.43320524]
 [0.60384617]
 [0.50933529]
 [0.53280774]
 [0.62118762]
 [0.59707779]
 [0.51012917]
 [0.59971877]
 [0.46581594]
 [0.59818621]
 [0.60851155]
 [0.5743909 ]
 [0.51820573]
 [0.52063115]
 [0.60711669]
 [0.58403332]
 [0.45822851]
 [0.58809708]
 [0.58108711]
 [0.6239629 ]
 [0.55660098]
 [0.45917869]
 [0.5220219 ]
 [0.5673787 ]
 [0.59133564]
 [0.58331891]
 [0.49966693]
 [0.58851164]
 [0.52897234]
 [0.53459104]
 [0.60464046]
 [0.47283672]
 [0.54593989]
 [0.54600787]
 [0.59585812]
 [0.42567764]
 [0.57705854]
 [0.46825755]
 [0.59279903]
 [0.62967815]
 [0.56513166]
 [0.6155311 ]
 [0.53174332]
 [0.63503014]
 [0.48293901]
 [0.63842687]
 [0.60151545]
 [0.60092449]
 [0.581665  ]
 [0.63938   ]
 [0.62262526]
 [0.58056734]
 [0.58063061]
 [0.59876133]
 [0.64170945]
 [0.57765994]
 [0.60505824]
 [0.6459186 ]
 [0.55377476]
 [0.56862934]
 [0.6018968 ]
 [0.58997133]
 [0.58471788]
 [0.49422499]
 [0.62938899]
 [0.60048887]
 [0.54607952]
 [0.65117997]
 [0.55892279]
 [0.59979985]
 [0.63276294]
 [0.44692857]
 [0.49886515]
 [0.63350187]
 [0.63091313]
 [0.61436879]
 [0.50643647]
 [0.60117251]
 [0.63475846]
 [0.64510076]
 [0.60664617]
 [0.61223191]
 [0.61478231]
 [0.61838549]
 [0.48277774]
 [0.50339132]
 [0.51033938]
 [0.51851902]
 [0.64349086]
 [0.47998911]
 [0.62041464]
 [0.501655  ]
 [0.60086713]
 [0.59122801]
 [0.50291449]
 [0.52291755]
 [0.51191221]
 [0.62758786]
 [0.61690869]
 [0.60657354]
 [0.54129804]
 [0.58612351]
 [0.62480847]
 [0.58661316]
 [0.64343217]
 [0.57163451]
 [0.67435021]
 [0.59444371]
 [0.6217531 ]
 [0.58148915]
 [0.52328707]
 [0.66225726]
 [0.61931359]
 [0.59929985]
 [0.61867987]
 [0.63382507]
 [0.50745587]
 [0.61258105]
 [0.58448378]
 [0.63280372]
 [0.61890085]
 [0.58465057]
 [0.62095919]
 [0.55072803]
 [0.58587414]
 [0.50006246]
 [0.58826967]
 [0.64921455]
 [0.61249793]
 [0.62035668]
 [0.50801927]
 [0.67310214]
 [0.64741905]
 [0.61800358]
 [0.49590844]
 [0.63188684]
 [0.62586938]
 [0.65514834]
 [0.54387589]
 [0.63345801]
 [0.54050879]
 [0.59984721]
 [0.65773045]
 [0.60660712]
 [0.65732915]
 [0.65687082]
 [0.52069218]
 [0.65520785]
 [0.65109647]
 [0.60652361]
 [0.64640889]
 [0.61747146]
 [0.64316736]
 [0.56161468]
 [0.55917187]
 [0.54893709]
 [0.65520803]
 [0.63436709]
 [0.6428141 ]
 [0.6614825 ]
 [0.6558962 ]
 [0.65175797]
 [0.57200768]
 [0.56517268]
 [0.62851551]
 [0.6236679 ]
 [0.56410346]
 [0.7015172 ]
 [0.6687377 ]
 [0.66508899]
 [0.6808445 ]
 [0.60827174]
 [0.70550426]
 [0.56203211]
 [0.65705316]
 [0.65459659]
 [0.65469071]
 [0.67236939]
 [0.5770765 ]
 [0.57034673]
 [0.61871337]
 [0.57535401]
 [0.57493639]
 [0.62315893]
 [0.55654824]
 [0.66952479]
 [0.68466671]
 [0.7009356 ]
 [0.6441111 ]
 [0.66028431]
 [0.6887192 ]
 [0.72127538]
 [0.66781241]
 [0.58140324]
 [0.67046164]
 [0.54699222]
 [0.65031324]
 [0.64084933]
 [0.58636358]
 [0.57927113]
 [0.60481599]
 [0.62848304]
 [0.6592164 ]
 [0.57911773]
 [0.71845728]
 [0.66763034]
 [0.57944208]
 [0.67062848]
 [0.6928786 ]
 [0.67778842]
 [0.58895809]
 [0.70650312]
 [0.66958904]
 [0.63075704]
 [0.71696782]
 [0.64476192]
 [0.75527539]
 [0.67282194]
 [0.69250781]
 [0.56909341]
 [0.54776241]
 [0.57678388]
 [0.70064029]
 [0.65432125]
 [0.68597278]
 [0.6701417 ]
 [0.70545402]
 [0.68465118]
 [0.6046068 ]
 [0.73675727]
 [0.68062543]
 [0.60930551]
 [0.72139294]
 [0.70002135]
 [0.5686113 ]
 [0.77311067]
 [0.6678931 ]
 [0.65150994]
 [0.67914417]
 [0.7139457 ]
 [0.70595391]
 [0.56932381]
 [0.56584498]
 [0.65523775]
 [0.61187246]
 [0.67691469]
 [0.66453164]
 [0.66519159]
 [0.68965886]
 [0.59384064]
 [0.68982052]
 [0.69172935]
 [0.69186122]
 [0.71631625]
 [0.74974193]
 [0.70071427]
 [0.70243899]
 [0.62462615]
 [0.6896098 ]
 [0.6711971 ]
 [0.69508161]
 [0.66437178]
 [0.60695909]
 [0.70318567]
 [0.62896371]
 [0.74966546]
 [0.59846994]
 [0.66958134]
 [0.71872913]
 [0.70896233]
 [0.71203384]
 [0.68755876]
 [0.76506387]
 [0.71479414]
 [0.73069465]
 [0.67073123]
 [0.69915008]
 [0.6293062 ]
 [0.73159721]
 [0.68661391]
 [0.73760443]
 [0.71415726]
 [0.69171811]
 [0.73139747]
 [0.80969052]
 [0.6357303 ]
 [0.68458538]
 [0.60320702]
 [0.5946049 ]
 [0.64443057]
 [0.71033042]
 [0.68070695]
 [0.64208039]
 [0.63443319]
 [0.71843042]
 [0.71181441]
 [0.7164291 ]
 [0.69061977]
 [0.68870757]
 [0.60385431]
 [0.62414694]
 [0.73769636]
 [0.7166275 ]
 [0.74633914]
 [0.72607957]
 [0.71884712]
 [0.71698754]
 [0.72303899]
 [0.64549913]
 [0.69315767]
 [0.60598236]
 [0.71778653]
 [0.61274619]
 [0.7195407 ]
 [0.72983328]
 [0.60806167]
 [0.64780332]
 [0.83170828]
 [0.69337187]
 [0.64708509]
 [0.75250704]
 [0.60486734]
 [0.70588775]
 [0.7262693 ]
 [0.72561299]
 [0.74174419]
 [0.72562504]
 [0.71199105]
 [0.63902463]
 [0.76857808]
 [0.76356347]
 [0.78110783]
 [0.73916142]
 [0.82863124]
 [0.70403687]
 [0.70790865]
 [0.76516784]
 [0.77058535]
 [0.71348939]
 [0.70680308]
 [0.66865904]
 [0.74328498]
 [0.76635392]
 [0.71883576]
 [0.75408643]
 [0.73885699]
 [0.74812137]
 [0.7756477 ]
 [0.76810434]
 [0.72779973]
 [0.73244   ]
 [0.76230542]
 [0.75884003]
 [0.76893312]
 [0.76542962]
 [0.75302768]
 [0.74414406]
 [0.73103093]
 [0.75003382]
 [0.72476453]
 [0.75502143]
 [0.76842776]
 [0.74022422]
 [0.7698741 ]
 [0.71992589]
 [0.73886641]
 [0.71624789]
 [0.72304567]
 [0.77639662]
 [0.68954235]
 [0.76437919]
 [0.80141943]
 [0.81026097]
 [0.77188325]
 [0.71854823]
 [0.78816219]
 [0.77141832]
 [0.78870525]
 [0.75588319]
 [0.78138311]
 [0.75485928]
 [0.76723412]
 [0.79006647]
 [0.81082368]
 [0.77890632]
 [0.79250436]
 [0.79800391]
 [0.80160513]
 [0.77445522]
 [0.80718693]
 [0.79245382]
 [0.7797485 ]
 [0.81198508]
 [0.76878829]
 [0.77757145]
 [0.77774278]
 [0.81717474]
 [0.80788653]
 [0.8163111 ]
 [0.81966378]
 [0.81047747]
 [0.8779345 ]
 [0.78655067]
 [0.81450148]
 [0.80530478]
 [0.78779487]
 [0.80261101]
 [0.82958922]
 [0.79812083]
 [0.82119024]
 [0.82509504]
 [0.79646983]
 [0.81877798]
 [0.81671473]
 [0.78289008]
 [0.80760179]
 [0.80196292]
 [0.77614604]
 [0.81866325]
 [0.82160426]
 [0.84367953]
 [0.84781489]
 [0.77985665]
 [0.8374819 ]
 [0.83186304]
 [0.75068383]
 [0.84422127]
 [0.8322691 ]
 [0.83742471]
 [0.82630391]
 [0.74594753]
 [0.8360538 ]
 [0.83705826]
 [0.86838572]
 [0.77287137]
 [0.76158276]
 [0.75620156]
 [0.7535534 ]
 [0.74061978]
 [0.73394064]
 [0.79578418]
 [0.79104893]
 [0.74981145]
 [0.79757258]
 [0.80905398]
 [0.77516875]
 [0.79746622]
 [0.83007759]
 [0.82753567]]