[[0.50691691]
 [0.53005409]
 [0.52452876]
 [0.52779507]
 [0.52817955]
 [0.52913325]
 [0.52481336]
 [0.53428133]
 [0.52892654]
 [0.53559852]
 [0.52993823]
 [0.53530483]
 [0.53514672]
 [0.53036523]
 [0.53004525]
 [0.52884573]
 [0.53647892]
 [0.52991765]
 [0.53435085]
 [0.54102134]
 [0.53915043]
 [0.53901142]
 [0.53633517]
 [0.52709755]
 [0.53899827]
 [0.5440665 ]
 [0.52983435]
 [0.53036689]
 [0.52135896]
 [0.54177505]
 [0.54333104]
 [0.54515442]
 [0.54171638]
 [0.52842451]
 [0.54524647]
 [0.54622966]
 [0.54587689]
 [0.545463  ]
 [0.55004984]
 [0.5483762 ]
 [0.53677115]
 [0.5497987 ]
 [0.54112404]
 [0.54904688]
 [0.5312364 ]
 [0.55140177]
 [0.54418828]
 [0.55036386]
 [0.53200714]
 [0.5427519 ]
 [0.5377927 ]
 [0.54570899]
 [0.55691714]
 [0.55491847]
 [0.54969751]
 [0.55213631]
 [0.55342963]
 [0.55157209]
 [0.5518797 ]
 [0.54687993]
 [0.53657811]
 [0.55698174]
 [0.56005215]
 [0.56408663]
 [0.55211109]
 [0.55522845]
 [0.56670395]
 [0.55202469]
 [0.55577771]
 [0.54655238]
 [0.55787955]
 [0.56548403]
 [0.55938281]
 [0.56044509]
 [0.57214121]
 [0.55396557]
 [0.54772651]
 [0.56983754]
 [0.56688088]
 [0.56933972]
 [0.56567338]
 [0.56754758]
 [0.56210987]
 [0.56509311]
 [0.56842213]
 [0.57217764]
 [0.56954961]
 [0.55322779]
 [0.57276049]
 [0.57304906]
 [0.56744045]
 [0.5799083 ]
 [0.57737444]
 [0.58199718]
 [0.57675357]
 [0.56826011]
 [0.57650566]
 [0.56632742]
 [0.57507647]
 [0.57328923]
 [0.57524691]
 [0.58591789]
 [0.58360595]
 [0.5764697 ]
 [0.58079366]
 [0.58297797]
 [0.57889332]
 [0.57989633]
 [0.58914941]
 [0.58786537]
 [0.58976778]
 [0.568557  ]
 [0.59088678]
 [0.58431557]
 [0.56919458]
 [0.59001471]
 [0.59186302]
 [0.59419739]
 [0.59080957]
 [0.58803563]
 [0.59242502]
 [0.59493561]
 [0.59911517]
 [0.58748756]
 [0.59440907]
 [0.59456807]
 [0.59552884]
 [0.58979211]
 [0.58407844]
 [0.58993273]
 [0.59575694]
 [0.59513393]
 [0.57403666]
 [0.59959611]
 [0.57730096]
 [0.60017377]
 [0.5884774 ]
 [0.59426256]
 [0.60202492]
 [0.59243712]
 [0.61186717]
 [0.59770841]
 [0.6031845 ]
 [0.59425003]
 [0.58562835]
 [0.58779214]
 [0.61791199]
 [0.6159595 ]
 [0.59757163]
 [0.60539678]
 [0.60877238]
 [0.60188776]
 [0.60157559]
 [0.62398528]
 [0.61108666]
 [0.60993757]
 [0.61067469]
 [0.61715597]
 [0.62579661]
 [0.6083462 ]
 [0.59724934]
 [0.61527634]
 [0.63064627]
 [0.61300591]
 [0.61755534]
 [0.61760678]
 [0.61962803]
 [0.61482026]
 [0.61470154]
 [0.62125009]
 [0.61501945]
 [0.63853798]
 [0.62163124]
 [0.62004263]
 [0.62223686]
 [0.61719485]
 [0.64438704]
 [0.62453837]
 [0.61743435]
 [0.61213703]
 [0.62531905]
 [0.61797318]
 [0.62423446]
 [0.62001594]
 [0.64831556]
 [0.62509722]
 [0.62671419]
 [0.62669446]
 [0.61157966]
 [0.65660211]
 [0.62777183]
 [0.6228068 ]
 [0.63175662]
 [0.65771487]
 [0.63054299]
 [0.63627405]
 [0.63759521]
 [0.62830196]
 [0.63157618]
 [0.62823889]
 [0.63150679]
 [0.63153444]
 [0.63151971]
 [0.67183587]
 [0.63249015]
 [0.66940859]
 [0.63862322]
 [0.63833232]
 [0.64030618]
 [0.63951789]
 [0.64129588]
 [0.64493113]
 [0.63608834]
 [0.64480432]
 [0.65307706]
 [0.68916074]
 [0.6854507 ]
 [0.64304362]
 [0.64928884]
 [0.6504766 ]
 [0.68763483]
 [0.64886216]
 [0.65209996]
 [0.64481289]
 [0.65097417]
 [0.65290669]
 [0.65091708]
 [0.65015511]
 [0.65695755]
 [0.6760085 ]
 [0.65237324]
 [0.65523902]
 [0.6610479 ]
 [0.65697582]
 [0.65546446]
 [0.65705522]
 [0.65199953]
 [0.6636575 ]
 [0.64721567]
 [0.65777626]
 [0.66160244]
 [0.64971493]
 [0.70841788]
 [0.65589851]
 [0.65952762]
 [0.66016204]
 [0.65898628]
 [0.71073377]
 [0.66547734]
 [0.6600814 ]
 [0.66206285]
 [0.66381414]
 [0.66223579]
 [0.66051837]
 [0.65794435]
 [0.66233465]
 [0.66315418]
 [0.72062151]
 [0.73092235]
 [0.66865896]
 [0.66847175]
 [0.66891859]
 [0.67114987]
 [0.67716834]
 [0.66941457]
 [0.67359415]
 [0.67163739]
 [0.72586094]
 [0.67044121]
 [0.66908605]
 [0.67017435]
 [0.67200285]
 [0.67273332]
 [0.73085572]
 [0.67563243]
 [0.67365549]
 [0.67589849]
 [0.68039484]
 [0.67575256]
 [0.65702255]
 [0.66751477]
 [0.67039695]
 [0.68099187]
 [0.68032095]
 [0.68002267]
 [0.68204129]
 [0.67623295]
 [0.73515024]
 [0.68001523]
 [0.68229373]
 [0.67393501]
 [0.68907147]
 [0.6778857 ]
 [0.67661888]
 [0.68239864]
 [0.68411815]
 [0.68955494]
 [0.68467722]
 [0.68624952]
 [0.68461784]
 [0.68597543]
 [0.70861521]
 [0.68815026]
 [0.69010831]
 [0.69714488]
 [0.69010162]
 [0.69189827]
 [0.70192664]
 [0.6938158 ]
 [0.69272876]
 [0.69389739]
 [0.72510283]
 [0.68556133]
 [0.70143342]
 [0.69566797]
 [0.69511983]
 [0.69361799]
 [0.69866177]
 [0.69429664]
 [0.69771903]
 [0.69516792]
 [0.69969427]
 [0.69787843]
 [0.70023211]
 [0.69612766]
 [0.70627318]
 [0.701573  ]
 [0.70341853]
 [0.70141903]
 [0.70304328]
 [0.70563328]
 [0.7072435 ]
 [0.70763607]
 [0.70665965]
 [0.70670392]
 [0.70594739]
 [0.71031025]
 [0.70822892]
 [0.70615081]
 [0.70968824]
 [0.71229249]
 [0.71201587]
 [0.70744528]
 [0.71757357]
 [0.71020904]
 [0.71363894]
 [0.69444978]
 [0.71612207]
 [0.71274696]
 [0.72833735]
 [0.71730662]
 [0.70946333]
 [0.70246602]
 [0.72246631]
 [0.71901231]
 [0.72217211]
 [0.71137399]
 [0.72224763]
 [0.72696943]
 [0.72003595]
 [0.72312729]
 [0.72401768]
 [0.70520931]
 [0.72932271]
 [0.72819645]
 [0.72300634]
 [0.73291771]
 [0.72892244]
 [0.72816916]
 [0.73531721]
 [0.72997017]
 [0.72850657]
 [0.72920312]
 [0.70227879]
 [0.73383677]
 [0.73001626]
 [0.73060348]
 [0.7302052 ]
 [0.7310828 ]
 [0.73533186]
 [0.73372551]
 [0.73114059]
 [0.72770064]
 [0.73547683]
 [0.73285383]
 [0.73081572]
 [0.74599116]
 [0.73160489]
 [0.73503665]
 [0.73609874]
 [0.734842  ]
 [0.74176089]
 [0.71110028]
 [0.75466932]
 [0.73981876]
 [0.73894828]
 [0.74337323]
 [0.74300495]
 [0.74452842]
 [0.74006068]
 [0.73940001]
 [0.70755089]
 [0.74750411]
 [0.74994054]
 [0.74855852]
 [0.74687968]
 [0.74906402]
 [0.74907436]
 [0.74730643]
 [0.74985653]
 [0.74731559]
 [0.74739068]
 [0.74655472]
 [0.75173343]
 [0.72477729]
 [0.75049693]
 [0.75173575]
 [0.74986598]
 [0.74743333]
 [0.75863113]
 [0.74780395]
 [0.75464051]
 [0.75573353]
 [0.75680653]
 [0.75636493]
 [0.75697342]
 [0.75596653]
 [0.76027628]
 [0.76055641]
 [0.75728491]
 [0.75537776]
 [0.75695325]
 [0.75653278]
 [0.75489387]
 [0.75236557]
 [0.75812999]
 [0.75813056]
 [0.75944647]
 [0.76270677]
 [0.75493844]
 [0.76561058]
 [0.75905206]
 [0.76231412]
 [0.76505651]
 [0.76445506]
 [0.76027675]
 [0.7624853 ]
 [0.76451866]
 [0.76645761]
 [0.75514265]
 [0.76057275]
 [0.77208357]
 [0.75615142]
 [0.75522467]
 [0.76561014]
 [0.77567767]
 [0.76763959]
 [0.76403152]
 [0.76935145]
 [0.7593047 ]
 [0.77113242]
 [0.77312778]
 [0.77115125]
 [0.77123446]
 [0.77716381]
 [0.77750722]
 [0.77788734]
 [0.77374489]
 [0.75249219]
 [0.77544231]
 [0.78389517]
 [0.78039837]
 [0.77736647]
 [0.78114712]
 [0.78194799]
 [0.7802878 ]
 [0.78241819]
 [0.77887233]
 [0.7784314 ]
 [0.78672749]
 [0.7827067 ]
 [0.7802353 ]
 [0.78090688]
 [0.77906439]
 [0.78021958]
 [0.78357223]
 [0.79089328]
 [0.79109331]
 [0.78515024]
 [0.7903523 ]
 [0.78826887]
 [0.78814841]
 [0.79832616]
 [0.79013677]
 [0.79657374]
 [0.75222034]
 [0.78857813]
 [0.78639504]
 [0.79211611]
 [0.78149275]
 [0.7756501 ]
 [0.79446407]
 [0.79963075]
 [0.80577376]
 [0.7953879 ]
 [0.7897369 ]
 [0.79833361]
 [0.7948018 ]
 [0.79839142]
 [0.80291691]
 [0.78770499]
 [0.80681963]
 [0.80105981]
 [0.80043854]
 [0.78122142]
 [0.8018322 ]
 [0.80218943]
 [0.78633377]
 [0.77904093]
 [0.80079707]
 [0.80450452]
 [0.78271702]
 [0.81167537]
 [0.80428957]
 [0.80785563]
 [0.80390683]
 [0.80370732]
 [0.80826659]
 [0.80860204]
 [0.80987528]
 [0.8131658 ]
 [0.80992373]
 [0.81950131]
 [0.81828142]
 [0.81689485]
 [0.79301133]
 [0.80248709]
 [0.8182076 ]
 [0.81976178]
 [0.79121466]
 [0.81866805]
 [0.81563545]
 [0.8153899 ]
 [0.81473409]
 [0.82624959]
 [0.81610642]
 [0.81766154]
 [0.81330783]
 [0.81209862]
 [0.81139799]
 [0.81784076]
 [0.78689878]
 [0.82277739]
 [0.82663251]
 [0.77337703]
 [0.83004076]
 [0.82060659]
 [0.83359028]
 [0.82207141]
 [0.82513437]
 [0.83465515]
 [0.83404096]
 [0.82653512]
 [0.82854296]
 [0.83439215]
 [0.82814691]
 [0.83691067]
 [0.79458391]
 [0.79701375]
 [0.81682474]
 [0.82608425]
 [0.82989908]
 [0.83258144]
 [0.83355746]
 [0.82136872]
 [0.82861614]
 [0.82150591]
 [0.83532057]
 [0.83636423]
 [0.84038934]
 [0.86089332]
 [0.83742191]
 [0.81463314]
 [0.84032442]
 [0.84343826]
 [0.84854845]
 [0.83777664]
 [0.84031649]
 [0.79262494]
 [0.82990002]
 [0.83917639]
 [0.83661807]
 [0.84100335]
 [0.85013591]
 [0.81632176]
 [0.84223873]
 [0.85604638]
 [0.83628245]
 [0.85570927]
 [0.85781628]
 [0.85878903]
 [0.85206454]
 [0.84773889]
 [0.84802595]
 [0.84900129]
 [0.85051992]
 [0.84921742]
 [0.85508397]
 [0.84928827]
 [0.849649  ]
 [0.83291435]
 [0.87190342]
 [0.87563088]
 [0.88328419]
 [0.85837575]
 [0.85270664]
 [0.87201944]
 [0.84530332]
 [0.86862633]
 [0.84964529]
 [0.86768934]
 [0.85519996]
 [0.85049342]
 [0.83701501]
 [0.88288665]
 [0.84786665]
 [0.84915244]
 [0.84934122]
 [0.88662   ]
 [0.8571978 ]
 [0.88086179]
 [0.87482705]
 [0.89361332]
 [0.84181466]
 [0.88782788]
 [0.88047642]
 [0.8721528 ]
 [0.87407046]
 [0.85780411]
 [0.85411164]
 [0.85600895]
 [0.87803435]
 [0.89528272]
 [0.88500422]
 [0.88134777]
 [0.91320051]
 [0.8984506 ]
 [0.88256209]
 [0.89443683]
 [0.90726091]
 [0.87716541]
 [0.89268077]
 [0.89100851]
 [0.90401089]
 [0.87617139]
 [0.90399414]
 [0.89052549]
 [0.89985918]
 [0.90808008]
 [0.84100145]
 [0.88591287]
 [0.88960477]
 [0.91098293]
 [0.9134744 ]
 [0.89945336]
 [0.90029329]
 [0.92232113]
 [0.83886647]
 [0.89576002]
 [0.88350033]
 [0.83041164]
 [0.92902474]
 [0.92264027]
 [0.90867943]
 [0.90294577]
 [0.83151857]
 [0.91091375]
 [0.90959994]
 [0.93225386]
 [0.8356371 ]
 [0.87034169]
 [0.84732884]
 [0.89170422]
 [0.89555684]
 [0.86143075]
 [0.89583301]
 [0.89100473]
 [0.90383779]
 [0.83440541]
 [0.90726558]
 [0.92889482]
 [0.92057152]
 [0.85792179]
 [0.87044285]]