[[0.68095402]
 [0.63050291]
 [0.57623813]
 [0.47751301]
 [0.47938034]
 [0.4721643 ]
 [0.44540185]
 [0.59464426]
 [0.55055505]
 [0.60905105]
 [0.57118913]
 [0.49054398]
 [0.51025048]
 [0.71081446]
 [0.5208066 ]
 [0.40929792]
 [0.47943663]
 [0.51908756]
 [0.54998033]
 [0.59507062]
 [0.4886541 ]
 [0.47543947]
 [0.51651827]
 [0.53079783]
 [0.47877985]
 [0.58836492]
 [0.55098279]
 [0.52708535]
 [0.53932243]
 [0.48026183]
 [0.47795686]
 [0.59145547]
 [0.66227578]
 [0.55640819]
 [0.48069011]
 [0.48136106]
 [0.58614859]
 [0.48918188]
 [0.47415119]
 [0.48228485]
 [0.59216152]
 [0.70398554]
 [0.48156442]
 [0.51696564]
 [0.56378899]
 [0.53143708]
 [0.51624743]
 [0.66224495]
 [0.56358696]
 [0.55407496]
 [0.4955706 ]
 [0.54302442]
 [0.47778307]
 [0.53106413]
 [0.46372782]
 [0.53157063]
 [0.5278275 ]
 [0.55069216]
 [0.55308432]
 [0.51321871]
 [0.56542736]
 [0.58380698]
 [0.52159714]
 [0.57259206]
 [0.71407182]
 [0.61155616]
 [0.5345871 ]
 [0.58120586]
 [0.55259387]
 [0.58688279]
 [0.52566243]
 [0.56509482]
 [0.72994386]
 [0.51712866]
 [0.51533678]
 [0.56790335]
 [0.57835967]
 [0.61610156]
 [0.72130007]
 [0.56534275]
 [0.53947011]
 [0.53122828]
 [0.54427558]
 [0.56929366]
 [0.61252122]
 [0.50366328]
 [0.54178067]
 [0.58576759]
 [0.51077368]
 [0.58118389]
 [0.74905572]
 [0.54922248]
 [0.58731371]
 [0.62357998]
 [0.60548874]
 [0.63070073]
 [0.48798325]
 [0.54027079]
 [0.7561438 ]
 [0.62146311]
 [0.6203349 ]
 [0.59659435]
 [0.48751596]
 [0.53916106]
 [0.53100301]
 [0.49651371]
 [0.76005265]
 [0.54064162]
 [0.69247874]
 [0.61676651]
 [0.60778778]
 [0.57312356]
 [0.51637372]
 [0.61128947]
 [0.56957681]
 [0.57783252]
 [0.60526038]
 [0.62029655]
 [0.58462906]
 [0.57037905]
 [0.60662045]
 [0.68570334]
 [0.48613508]
 [0.60319511]
 [0.60114495]
 [0.59859417]
 [0.5379543 ]
 [0.61798142]
 [0.61163526]
 [0.56829455]
 [0.60577681]
 [0.55543572]
 [0.61109926]
 [0.70510872]
 [0.59534855]
 [0.5719099 ]
 [0.62194594]
 [0.5686265 ]
 [0.62414162]
 [0.57986829]
 [0.56963932]
 [0.57066792]
 [0.73939156]
 [0.61813227]
 [0.60971992]
 [0.62898225]
 [0.57549655]
 [0.55087969]
 [0.64134103]
 [0.63991923]
 [0.64610093]
 [0.60869293]
 [0.57683918]
 [0.56785216]
 [0.60518234]
 [0.57153598]
 [0.68383039]
 [0.76672746]
 [0.56042936]
 [0.63681091]
 [0.52343856]
 [0.66315934]
 [0.57901629]
 [0.6474878 ]
 [0.64185954]
 [0.65601051]
 [0.65441242]
 [0.67289402]
 [0.67333243]
 [0.64321615]
 [0.64353252]
 [0.56955719]
 [0.61344128]
 [0.63981852]
 [0.7775497 ]
 [0.78992621]
 [0.5743183 ]
 [0.82138228]
 [0.61891734]
 [0.78241437]
 [0.7040156 ]
 [0.64446305]
 [0.64198304]
 [0.65996376]
 [0.57973864]
 [0.79349616]
 [0.62707157]
 [0.67736924]
 [0.67818785]
 [0.59287283]
 [0.7929214 ]
 [0.80273522]
 [0.666834  ]
 [0.58869151]
 [0.69896638]
 [0.67648487]
 [0.6290939 ]
 [0.63286204]
 [0.67159572]
 [0.635799  ]
 [0.82304024]
 [0.55308677]
 [0.63978828]
 [0.59604225]
 [0.64077637]
 [0.59962272]
 [0.66263306]
 [0.80611214]
 [0.62794167]
 [0.68027607]
 [0.69373377]
 [0.65606298]
 [0.65739404]
 [0.6449809 ]
 [0.66017199]
 [0.61979246]
 [0.60966807]
 [0.66779382]
 [0.68975463]
 [0.60556022]
 [0.60531902]
 [0.74275244]
 [0.64871105]
 [0.65148504]
 [0.66611758]
 [0.63730333]
 [0.82078954]
 [0.7694343 ]
 [0.67528255]
 [0.63369336]
 [0.73617672]
 [0.69400359]
 [0.66950709]
 [0.65502574]
 [0.83140493]
 [0.61470004]
 [0.84171992]
 [0.66277974]
 [0.69548653]
 [0.77996081]
 [0.66940046]
 [0.67975676]
 [0.63906757]
 [0.68066664]
 [0.70134464]
 [0.79064202]
 [0.83913489]
 [0.62333972]
 [0.67387257]
 [0.69877265]
 [0.67967552]
 [0.68932656]
 [0.68246436]
 [0.84991494]
 [0.70552001]
 [0.78595667]
 [0.70428265]
 [0.65282984]
 [0.65244947]
 [0.84697494]
 [0.68060847]
 [0.80170575]
 [0.69222441]
 [0.68363771]
 [0.77043911]
 [0.69387903]
 [0.80508122]
 [0.63937775]
 [0.71389652]
 [0.60474972]
 [0.7114862 ]
 [0.78635899]
 [0.70935103]
 [0.66289959]
 [0.65535215]
 [0.70799301]
 [0.81096197]
 [0.69189697]
 [0.70740181]
 [0.71742677]
 [0.85458372]
 [0.7308829 ]
 [0.81617648]
 [0.74803134]
 [0.78045581]
 [0.72417444]
 [0.7288333 ]
 [0.67087749]
 [0.87349476]
 [0.81773726]
 [0.76806978]
 [0.70467363]
 [0.72487841]
 [0.74006949]
 [0.8808442 ]
 [0.78306438]
 [0.7361577 ]
 [0.73026358]
 [0.82824086]
 [0.88350899]
 [0.72502857]
 [0.6593964 ]
 [0.76312121]
 [0.72219466]
 [0.70321624]
 [0.79427776]
 [0.77439966]
 [0.72997789]
 [0.83192181]
 [0.88307089]
 [0.83275241]
 [0.68588671]
 [0.78263134]
 [0.70904708]
 [0.76274524]
 [0.73171422]
 [0.87885191]
 [0.84137031]
 [0.71183036]
 [0.88875632]
 [0.74159799]
 [0.83993072]
 [0.75805034]
 [0.89255565]
 [0.79988665]
 [0.7409844 ]
 [0.79479739]
 [0.77122869]
 [0.73445417]
 [0.90407355]
 [0.84546528]
 [0.84848908]
 [0.85231239]
 [0.7820413 ]
 [0.9078344 ]
 [0.77083952]
 [0.84382415]
 [0.83317575]
 [0.75088554]
 [0.83148178]
 [0.85792905]
 [0.85776   ]
 [0.74226653]
 [0.7509637 ]
 [0.76712083]
 [0.82308864]
 [0.74772757]
 [0.75471984]
 [0.67060633]
 [0.68282803]
 [0.71423343]
 [0.68752362]
 [0.76095217]
 [0.76130064]
 [0.69831566]
 [0.86757804]
 [0.78532375]
 [0.77117098]
 [0.73470825]
 [0.78158232]
 [0.75993412]
 [0.87856714]
 [0.79469191]
 [0.74298083]
 [0.76455977]
 [0.78470566]
 [0.74485211]
 [0.77884138]
 [0.88251879]
 [0.74600646]
 [0.92193054]
 [0.7185421 ]
 [0.80102285]
 [0.8044939 ]
 [0.80581412]
 [0.94683953]
 [0.94113129]
 [0.85702345]
 [0.77941321]
 [0.92141029]
 [0.78030597]
 [0.79481753]
 [0.7700679 ]
 [0.87353933]
 [0.81175922]
 [0.96427406]
 [0.77150811]
 [0.77925665]
 [0.71968252]
 [0.8656458 ]
 [0.78655705]
 [0.93060933]
 [0.7916165 ]
 [0.8343684 ]
 [0.72281285]
 [0.78811722]
 [0.66267718]
 [0.91681411]
 [0.87515598]
 [0.96162439]
 [0.96955633]
 [0.8004917 ]
 [0.8464197 ]
 [0.81863887]
 [0.93026605]
 [0.78810045]
 [0.78996277]
 [0.91717307]
 [0.91288677]
 [0.79917131]
 [0.67931786]
 [0.9863753 ]
 [0.81828   ]
 [0.8326016 ]
 [0.80930799]
 [0.86595726]
 [0.74525142]
 [0.90581638]
 [0.96551929]
 [0.79146259]
 [0.80252875]
 [0.83213916]
 [0.94950942]
 [0.91498653]
 [0.89778579]
 [0.79354273]
 [0.88939124]
 [0.98126425]
 [0.80299919]
 [0.97426663]
 [0.82440003]
 [0.83277104]
 [0.98003943]
 [0.83984678]
 [0.80735817]
 [0.97661107]
 [0.89540818]
 [0.80450111]
 [0.91576219]
 [0.80962473]
 [0.97500977]
 [0.85034201]
 [0.66313606]
 [0.93477083]
 [0.91750976]
 [0.99034476]
 [0.79893531]
 [0.81855037]
 [0.93869134]
 [0.81289695]
 [0.82921452]
 [0.93538122]
 [0.84351487]
 [0.8732718 ]
 [0.83851666]
 [1.00045101]
 [0.79330016]
 [0.81974372]
 [0.75430552]
 [0.82143031]
 [0.83850711]
 [0.92094447]
 [0.81938911]
 [0.94316792]
 [0.94799518]
 [1.00419871]
 [0.94805507]
 [0.85390089]
 [0.85849052]
 [0.89717437]
 [0.88058424]
 [0.80229918]
 [0.88869262]
 [0.95972351]
 [0.95508811]
 [0.82766169]
 [0.9590024 ]
 [0.95328039]
 [0.95021603]
 [0.98712791]
 [0.93415924]
 [0.83733523]
 [0.74916   ]
 [0.86869769]
 [0.91249087]
 [1.00986479]
 [1.01741567]
 [1.01732117]
 [0.7408422 ]
 [0.95555926]
 [0.84684467]
 [0.85753023]
 [0.87890629]
 [0.84042107]
 [0.98725481]
 [0.86186548]
 [0.86714792]
 [0.85737432]
 [0.95039982]
 [0.8560248 ]
 [0.85797094]
 [0.91710051]
 [0.96055017]
 [0.90178467]
 [0.87500756]
 [0.86222301]
 [0.90564173]
 [1.01815453]
 [0.84617911]
 [0.96427813]
 [0.87441445]
 [0.99878109]
 [0.91502006]
 [0.93524674]
 [0.86968028]
 [0.99868913]
 [0.8759293 ]
 [0.87360064]
 [0.87567253]
 [0.96976894]
 [0.91668062]
 [0.88310261]
 [0.97047783]
 [0.99797835]
 [0.86597243]
 [0.94348637]
 [0.91026279]
 [0.88552452]
 [0.98754754]
 [0.95970668]
 [0.96206215]
 [0.74075377]
 [1.0458914 ]
 [1.04359994]
 [1.00157023]
 [0.90232817]
 [0.94143278]
 [0.99141298]
 [0.98855617]
 [0.89597338]
 [0.86607118]
 [0.87473214]
 [0.74423689]
 [0.92245921]
 [1.06035053]
 [1.00886499]
 [1.00290953]
 [0.88652342]
 [0.96646497]
 [0.9255376 ]
 [0.9044531 ]
 [0.92300311]
 [0.86818688]
 [0.99996032]
 [0.91291858]
 [1.04360984]
 [0.87912093]
 [1.06186041]
 [0.89754725]
 [1.05219599]
 [1.06046447]
 [1.08782814]
 [0.9881346 ]
 [0.8841822 ]
 [1.00287741]
 [1.03211594]
 [1.06141659]
 [0.93138285]
 [0.93447264]
 [0.93479094]
 [0.96362086]
 [0.96058922]
 [0.93727511]
 [1.0338644 ]
 [0.95980811]
 [0.98624255]
 [0.9130579 ]
 [0.90803265]
 [0.98992234]
 [0.96173875]
 [1.0973156 ]
 [0.99711997]
 [0.88601753]
 [0.95197806]
 [0.9682652 ]
 [1.00976113]
 [0.94267169]
 [0.99437578]
 [0.95595116]
 [0.93330607]
 [0.91986436]
 [0.91033367]
 [0.99846189]
 [1.06185762]
 [0.94882433]
 [0.99526919]
 [0.95191168]
 [0.9517093 ]
 [1.06686973]
 [0.95412532]
 [0.92054897]
 [0.96680544]
 [1.00388173]
 [0.93656291]
 [1.00501187]
 [0.93409574]
 [0.97985243]
 [0.97437112]
 [0.97859232]
 [1.01113694]
 [0.97211031]
 [1.11307508]
 [0.92445815]
 [0.95614503]
 [0.97834932]
 [0.96021695]
 [1.05780118]
 [0.95097351]
 [0.96192534]
 [1.02660257]
 [1.00414667]
 [0.98859892]
 [1.0120604 ]
 [1.00765068]
 [0.96244278]
 [0.99978976]
 [0.9920381 ]
 [0.91300771]
 [1.05940847]
 [0.99938479]
 [0.96996589]
 [0.98866202]
 [1.02841777]
 [0.91301328]
 [0.99868718]
 [1.03254651]
 [1.020408  ]
 [0.99851123]
 [1.03065662]
 [1.03876759]
 [1.03942163]
 [1.00768173]
 [1.03994242]
 [1.00591313]
 [1.01029733]
 [1.04128447]
 [1.01014428]
 [1.05113116]
 [1.03372784]
 [1.0126881 ]
 [1.04587643]
 [1.04307549]
 [1.02161571]
 [1.06540105]
 [0.94743845]
 [1.06592505]
 [1.0620672 ]
 [1.05264053]
 [1.07626606]
 [0.93494341]
 [1.08217451]
 [1.07751091]
 [1.03457852]
 [1.09061929]
 [1.05336563]
 [1.06329724]
 [1.07436615]
 [0.94926093]
 [1.07120872]
 [1.06795667]
 [0.90621462]
 [1.09170394]
 [1.10641089]
 [1.09150765]
 [1.1053857 ]
 [0.90603796]
 [1.10825577]
 [1.01671595]
 [1.15269963]
 [0.97185028]
 [0.9562853 ]
 [0.90112813]
 [1.01034474]
 [1.00127077]
 [0.96955242]
 [0.96994959]
 [0.981214  ]
 [1.03204841]
 [0.93982372]
 [0.97938121]
 [1.06821868]
 [1.0406267 ]
 [0.98276805]
 [1.02042358]]