[[0.43509641]
 [0.30103557]
 [0.44952076]
 [0.34242603]
 [0.36153225]
 [0.33941121]
 [0.3555973 ]
 [0.323634  ]
 [0.32820063]
 [0.31906557]
 [0.33957403]
 [0.37442898]
 [0.37826524]
 [0.33817169]
 [0.33990387]
 [0.40084114]
 [0.3336178 ]
 [0.40892679]
 [0.58959373]
 [0.45965817]
 [0.37057431]
 [0.34586848]
 [0.33766762]
 [0.3893535 ]
 [0.36550072]
 [0.34096945]
 [0.42762757]
 [0.40786204]
 [0.39649824]
 [0.36422404]
 [0.34967931]
 [0.33249537]
 [0.43099719]
 [0.44174413]
 [0.33917742]
 [0.35497093]
 [0.34166512]
 [0.37743827]
 [0.34946571]
 [0.35697437]
 [0.42369966]
 [0.44733145]
 [0.43908061]
 [0.38848384]
 [0.44691051]
 [0.58145304]
 [0.39136403]
 [0.43175911]
 [0.44384078]
 [0.39725261]
 [0.4186092 ]
 [0.41736389]
 [0.34969792]
 [0.39230621]
 [0.4007743 ]
 [0.38181192]
 [0.38162165]
 [0.34954107]
 [0.39043065]
 [0.43538532]
 [0.42642663]
 [0.34705769]
 [0.39303441]
 [0.60569237]
 [0.46258899]
 [0.48089654]
 [0.39755196]
 [0.39369888]
 [0.35288384]
 [0.44931816]
 [0.36146769]
 [0.60347595]
 [0.36757359]
 [0.39850137]
 [0.39283659]
 [0.44394189]
 [0.43148343]
 [0.35243051]
 [0.45944829]
 [0.60529998]
 [0.38905603]
 [0.40100882]
 [0.42695203]
 [0.40162458]
 [0.36475578]
 [0.363298  ]
 [0.39089638]
 [0.43415203]
 [0.37896826]
 [0.6221726 ]
 [0.3662084 ]
 [0.40475266]
 [0.61965975]
 [0.58816076]
 [0.36425233]
 [0.49462502]
 [0.38113285]
 [0.41680805]
 [0.36486154]
 [0.37582817]
 [0.37034023]
 [0.60579059]
 [0.40740892]
 [0.41589316]
 [0.37769372]
 [0.41421002]
 [0.36728725]
 [0.41689455]
 [0.35792172]
 [0.59756637]
 [0.59971235]
 [0.40396595]
 [0.38978747]
 [0.41965126]
 [0.42244677]
 [0.61927745]
 [0.61271725]
 [0.60645041]
 [0.41411243]
 [0.38442735]
 [0.61617174]
 [0.35768509]
 [0.45218031]
 [0.48125217]
 [0.60646471]
 [0.63103529]
 [0.40915464]
 [0.42923321]
 [0.43695522]
 [0.41576083]
 [0.42751814]
 [0.43614841]
 [0.44328833]
 [0.46729309]
 [0.43554851]
 [0.39171621]
 [0.4549613 ]
 [0.44996369]
 [0.61011047]
 [0.44468964]
 [0.42383728]
 [0.43946669]
 [0.48734333]
 [0.44524516]
 [0.4437572 ]
 [0.46049773]
 [0.42273331]
 [0.39946929]
 [0.50261718]
 [0.61488256]
 [0.61909128]
 [0.44434111]
 [0.44969622]
 [0.44165946]
 [0.44034078]
 [0.45180656]
 [0.62094127]
 [0.49242521]
 [0.42514358]
 [0.50594117]
 [0.48420413]
 [0.40356703]
 [0.43359888]
 [0.62163701]
 [0.62492752]
 [0.62796084]
 [0.63045152]
 [0.41237463]
 [0.41298766]
 [0.63032818]
 [0.46374977]
 [0.42712128]
 [0.45133683]
 [0.51069329]
 [0.50672341]
 [0.43007357]
 [0.43769146]
 [0.42386662]
 [0.50657556]
 [0.42120157]
 [0.64311018]
 [0.51928701]
 [0.46523166]
 [0.47882506]
 [0.42206921]
 [0.51983938]
 [0.50598292]
 [0.63264722]
 [0.5363309 ]
 [0.44360907]
 [0.42866301]
 [0.43612963]
 [0.4707063 ]
 [0.43134964]
 [0.43204683]
 [0.46748082]
 [0.46205661]
 [0.52137007]
 [0.47507216]
 [0.52489426]
 [0.45249576]
 [0.52331803]
 [0.52549984]
 [0.44945715]
 [0.53415953]
 [0.43961838]
 [0.67172081]
 [0.43584056]
 [0.65924429]
 [0.53919498]
 [0.6464326 ]
 [0.48002813]
 [0.53640914]
 [0.50074348]
 [0.52777191]
 [0.46326205]
 [0.45923566]
 [0.51555611]
 [0.48867647]
 [0.65794071]
 [0.46169686]
 [0.65747505]
 [0.5124703 ]
 [0.51866769]
 [0.4472674 ]
 [0.51345178]
 [0.54933447]
 [0.67348491]
 [0.48487204]
 [0.4493403 ]
 [0.65501235]
 [0.45122724]
 [0.53562656]
 [0.51794596]
 [0.54846312]
 [0.6658563 ]
 [0.46829551]
 [0.48666463]
 [0.51505503]
 [0.45620142]
 [0.53177483]
 [0.55168014]
 [0.47646365]
 [0.52959553]
 [0.67411867]
 [0.59534524]
 [0.55677278]
 [0.47309252]
 [0.49377896]
 [0.57560699]
 [0.53260746]
 [0.69880138]
 [0.53598045]
 [0.47480331]
 [0.55819337]
 [0.67943366]
 [0.50524317]
 [0.48592154]
 [0.48640391]
 [0.56049763]
 [0.5440604 ]
 [0.6164461 ]
 [0.55385073]
 [0.54522918]
 [0.67304085]
 [0.50613116]
 [0.61742575]
 [0.48585217]
 [0.68602424]
 [0.57498508]
 [0.51403767]
 [0.4750869 ]
 [0.52350429]
 [0.49453812]
 [0.5072602 ]
 [0.56737813]
 [0.6302297 ]
 [0.50702794]
 [0.70093893]
 [0.53454165]
 [0.61108579]
 [0.53406868]
 [0.6302717 ]
 [0.68003443]
 [0.67690885]
 [0.51666454]
 [0.57497019]
 [0.4977017 ]
 [0.57981202]
 [0.64291379]
 [0.62254249]
 [0.5654492 ]
 [0.53913151]
 [0.53373592]
 [0.58582411]
 [0.6273807 ]
 [0.52944851]
 [0.69701404]
 [0.68158688]
 [0.58751041]
 [0.70096543]
 [0.55604517]
 [0.62149965]
 [0.72362628]
 [0.52216551]
 [0.64357449]
 [0.63799766]
 [0.49007371]
 [0.65784894]
 [0.5925784 ]
 [0.67287471]
 [0.49750413]
 [0.63728001]
 [0.52164666]
 [0.5039982 ]
 [0.574819  ]
 [0.63710219]
 [0.66087677]
 [0.56364651]
 [0.59902122]
 [0.55177028]
 [0.66409862]
 [0.69661792]
 [0.59988461]
 [0.64522743]
 [0.55038198]
 [0.63287757]
 [0.69612026]
 [0.57303464]
 [0.67572349]
 [0.6590085 ]
 [0.68702805]
 [0.69057413]
 [0.68452578]
 [0.67433177]
 [0.52142506]
 [0.68620541]
 [0.64638851]
 [0.50635105]
 [0.63151887]
 [0.69705881]
 [0.6645717 ]
 [0.59233025]
 [0.55919251]
 [0.71203251]
 [0.52297121]
 [0.51181208]
 [0.57082027]
 [0.73040856]
 [0.59938902]
 [0.74531282]
 [0.62294287]
 [0.51512024]
 [0.56174544]
 [0.74007672]
 [0.6901771 ]
 [0.67228706]
 [0.56488697]
 [0.56317727]
 [0.72175119]
 [0.58929459]
 [0.662826  ]
 [0.57273402]
 [0.5465696 ]
 [0.57866992]
 [0.72215502]
 [0.54694909]
 [0.57091273]
 [0.72460708]
 [0.54575009]
 [0.66394128]
 [0.75511935]
 [0.71251899]
 [0.57975868]
 [0.58813087]
 [0.70670677]
 [0.63492786]
 [0.66517767]
 [0.74499614]
 [0.66764924]
 [0.58092613]
 [0.73002009]
 [0.61803175]
 [0.67057203]
 [0.58835906]
 [0.64370711]
 [0.53234787]
 [0.61855246]
 [0.7646847 ]
 [0.66215388]
 [0.61378956]
 [0.68810023]
 [0.59369405]
 [0.54399961]
 [0.76949756]
 [0.59643628]
 [0.7463749 ]
 [0.63994975]
 [0.76161595]
 [0.57940806]
 [0.66632313]
 [0.59426408]
 [0.62486095]
 [0.61326184]
 [0.69693384]
 [0.61285993]
 [0.62521795]
 [0.74757783]
 [0.55514478]
 [0.57789139]
 [0.76206626]
 [0.63976211]
 [0.63043872]
 [0.56191141]
 [0.60359997]
 [0.64364291]
 [0.78260377]
 [0.74063816]
 [0.5671347 ]
 [0.60093264]
 [0.60328733]
 [0.60737222]
 [0.70126775]
 [0.76298474]
 [0.77485166]
 [0.57886532]
 [0.78094966]
 [0.61082527]
 [0.5721585 ]
 [0.57872167]
 [0.72997718]
 [0.72401086]
 [0.66239523]
 [0.60804675]
 [0.61056716]
 [0.6632903 ]
 [0.73379078]
 [0.62037746]
 [0.78232283]
 [0.61040243]
 [0.72332511]
 [0.5616711 ]
 [0.75579755]
 [0.77043811]
 [0.57512784]
 [0.6201956 ]
 [0.5824548 ]
 [0.60630953]
 [0.56899974]
 [0.69792297]
 [0.64525189]
 [0.57095609]
 [0.61565749]
 [0.72069226]
 [0.73474833]
 [0.62847394]
 [0.63508583]
 [0.63733457]
 [0.80145134]
 [0.70338086]
 [0.59218884]
 [0.69928518]
 [0.64024612]
 [0.74495964]
 [0.730045  ]
 [0.75041571]
 [0.73476313]
 [0.72743397]
 [0.61899559]
 [0.70562999]
 [0.57971875]
 [0.63549253]
 [0.71088109]
 [0.79088883]
 [0.73092345]
 [0.65433978]
 [0.79320688]
 [0.76442634]
 [0.74692593]
 [0.73393055]
 [0.71348537]
 [0.59708121]
 [0.81134859]
 [0.63224825]
 [0.69017639]
 [0.69019436]
 [0.75674421]
 [0.75904356]
 [0.81554215]
 [0.81665499]
 [0.60252024]
 [0.613286  ]
 [0.59253607]
 [0.63589342]
 [0.58838611]
 [0.63251732]
 [0.65870133]
 [0.67251555]
 [0.68862704]
 [0.72172535]
 [0.65261868]
 [0.72214724]
 [0.77688586]
 [0.60153281]
 [0.61399395]
 [0.67646611]
 [0.66891916]
 [0.61169306]
 [0.65047343]
 [0.78127479]
 [0.73241849]
 [0.76507258]
 [0.67479025]
 [0.69759295]
 [0.65749124]
 [0.70330306]
 [0.62898162]
 [0.74355775]
 [0.65366813]
 [0.70181705]
 [0.67866384]
 [0.70144541]
 [0.76299097]
 [0.76025848]
 [0.62300809]
 [0.69007434]
 [0.687316  ]
 [0.63122074]
 [0.73094415]
 [0.75176377]
 [0.86620787]
 [0.83254485]
 [0.78055695]
 [0.78359494]
 [0.83650975]
 [0.71184013]
 [0.70011103]
 [0.85596802]
 [0.85814797]
 [0.65991234]
 [0.66680426]
 [0.69894053]
 [0.83708168]
 [0.67583828]
 [0.78976944]
 [0.61968877]
 [0.71665233]
 [0.7063308 ]
 [0.71102215]
 [0.69779646]
 [0.69004807]
 [0.72461261]
 [0.69728572]
 [0.87584611]
 [0.65664159]
 [0.79568111]
 [0.67729443]
 [0.79633169]
 [0.64746446]
 [0.7303977 ]
 [0.79890004]
 [0.75881343]
 [0.78037331]
 [0.64891065]
 [0.88475078]
 [0.73624465]
 [0.80295654]
 [0.67593684]
 [0.73660069]
 [0.69996171]
 [0.72712315]
 [0.71839769]
 [0.68819584]
 [0.63497988]
 [0.75099587]
 [0.72742351]
 [0.76509778]
 [0.7210169 ]
 [0.77528377]
 [0.70878504]
 [0.69927221]
 [0.77084735]
 [0.78522548]
 [0.70094705]
 [0.71434022]
 [0.9162441 ]
 [0.71582515]
 [0.76913871]
 [0.69232887]
 [0.69832401]
 [0.7292092 ]
 [0.69348746]
 [0.71462881]
 [0.75517425]
 [0.68629577]
 [0.74632581]
 [0.67897534]
 [0.74986987]
 [0.75788268]
 [0.68309387]
 [0.68919624]
 [0.71730199]
 [0.75080057]
 [0.74425383]
 [0.74896563]
 [0.72049295]
 [0.74081217]
 [0.71569546]
 [0.7385401 ]
 [0.75672216]
 [0.70205175]
 [0.71696389]
 [0.68605278]
 [0.70326087]
 [0.70155569]
 [0.76403151]
 [0.77121624]
 [0.80864637]
 [0.76681183]
 [0.78221057]
 [0.75530673]
 [0.7199095 ]
 [0.7969751 ]
 [0.73251019]
 [0.71158923]
 [0.72184466]
 [0.72101359]
 [0.81631562]
 [0.7818851 ]
 [0.79164769]
 [0.74071068]
 [0.75051501]
 [0.77721339]
 [0.81606423]
 [0.73950925]
 [0.78464526]
 [0.73923271]
 [0.75347566]
 [0.74676098]
 [0.75397355]
 [0.75495271]
 [0.7556189 ]
 [0.78372752]
 [0.75176643]
 [0.75978805]
 [0.78781432]
 [0.86837801]
 [0.76991492]
 [0.7575258 ]
 [0.74936777]
 [0.75502094]
 [0.75783494]
 [0.7684507 ]
 [0.80588149]
 [0.84750288]
 [0.82486609]
 [0.76912402]
 [0.76783237]
 [0.79453966]
 [0.83204948]
 [0.78573263]
 [0.78117662]
 [0.78113667]
 [0.80154589]
 [0.77190287]
 [0.78463251]
 [0.78940202]
 [0.83625694]
 [0.78553503]
 [0.78207905]
 [0.77834558]
 [0.79544135]
 [0.80392061]
 [0.79403278]
 [0.80094281]
 [0.7736033 ]
 [0.79823674]
 [0.85568769]
 [0.90011555]
 [0.82742674]
 [0.78854902]
 [0.76841189]
 [0.85118908]
 [0.85162102]
 [0.82270281]
 [0.83775427]
 [0.80618844]
 [0.87653189]
 [0.8318349 ]
 [0.83709419]
 [0.89684476]
 [0.87929394]
 [0.88723335]
 [0.90096517]]