[[0.52049287]
 [0.52912869]
 [0.52326466]
 [0.52770641]
 [0.52917306]
 [0.52965018]
 [0.53740775]
 [0.5335596 ]
 [0.530274  ]
 [0.53485971]
 [0.53273011]
 [0.53616934]
 [0.53289375]
 [0.53296833]
 [0.53441627]
 [0.53093058]
 [0.53580054]
 [0.53561348]
 [0.53093612]
 [0.53216877]
 [0.54011964]
 [0.53789878]
 [0.53846909]
 [0.53566365]
 [0.53937798]
 [0.54141936]
 [0.54149393]
 [0.54166964]
 [0.53857626]
 [0.54494283]
 [0.54208464]
 [0.54448895]
 [0.54441072]
 [0.53798119]
 [0.54370053]
 [0.54522394]
 [0.54729693]
 [0.54626223]
 [0.54755707]
 [0.54736711]
 [0.54516447]
 [0.5508692 ]
 [0.54634243]
 [0.54728797]
 [0.5475438 ]
 [0.54779724]
 [0.54973282]
 [0.55454914]
 [0.54809326]
 [0.5550438 ]
 [0.54221585]
 [0.55520255]
 [0.55391172]
 [0.55665604]
 [0.56437389]
 [0.55725097]
 [0.55847105]
 [0.557302  ]
 [0.55959282]
 [0.55709634]
 [0.54410139]
 [0.55916483]
 [0.55875628]
 [0.56210213]
 [0.55793473]
 [0.56465067]
 [0.5621518 ]
 [0.56295248]
 [0.56164688]
 [0.56719373]
 [0.55990184]
 [0.56260352]
 [0.5639835 ]
 [0.56268766]
 [0.5642801 ]
 [0.57218935]
 [0.5563054 ]
 [0.56547729]
 [0.56957417]
 [0.56594129]
 [0.56907998]
 [0.5710039 ]
 [0.57282427]
 [0.57590136]
 [0.5684307 ]
 [0.57124197]
 [0.57288557]
 [0.56110438]
 [0.57316728]
 [0.57002216]
 [0.57422334]
 [0.57938267]
 [0.57474264]
 [0.57670592]
 [0.58054324]
 [0.5833959 ]
 [0.58185896]
 [0.58025477]
 [0.57918806]
 [0.57816597]
 [0.5803981 ]
 [0.58293734]
 [0.5913199 ]
 [0.58114053]
 [0.58121034]
 [0.58369169]
 [0.58324334]
 [0.58284704]
 [0.59137583]
 [0.58626577]
 [0.58737942]
 [0.57350435]
 [0.58944791]
 [0.58855387]
 [0.58841419]
 [0.58643789]
 [0.58921404]
 [0.58940874]
 [0.59259436]
 [0.58862746]
 [0.59038817]
 [0.5944889 ]
 [0.5769893 ]
 [0.59005635]
 [0.59272203]
 [0.59104151]
 [0.59344181]
 [0.59303132]
 [0.59294918]
 [0.59440682]
 [0.59601174]
 [0.59528474]
 [0.58514726]
 [0.5959862 ]
 [0.59594012]
 [0.59675349]
 [0.58305818]
 [0.59765401]
 [0.60085659]
 [0.59685077]
 [0.60734885]
 [0.60117229]
 [0.60256766]
 [0.60170568]
 [0.60231748]
 [0.57772819]
 [0.61305273]
 [0.60943749]
 [0.6086822 ]
 [0.60611255]
 [0.60712472]
 [0.60643071]
 [0.60704908]
 [0.60801967]
 [0.61174065]
 [0.60928045]
 [0.60823967]
 [0.61135732]
 [0.61450721]
 [0.61130666]
 [0.60725133]
 [0.61778143]
 [0.61973006]
 [0.61295519]
 [0.6167773 ]
 [0.61735406]
 [0.61844517]
 [0.61601858]
 [0.61608409]
 [0.62012581]
 [0.61860383]
 [0.62226903]
 [0.6212255 ]
 [0.61945337]
 [0.62182969]
 [0.6188805 ]
 [0.62836098]
 [0.62461596]
 [0.62296785]
 [0.61531327]
 [0.62323815]
 [0.61980651]
 [0.62568151]
 [0.62675629]
 [0.63401882]
 [0.62653447]
 [0.62873353]
 [0.62639414]
 [0.6309357 ]
 [0.63779201]
 [0.62920805]
 [0.62569378]
 [0.63305027]
 [0.63592691]
 [0.62875459]
 [0.63536237]
 [0.63631805]
 [0.63264622]
 [0.63523837]
 [0.63319932]
 [0.63340989]
 [0.63971412]
 [0.63657738]
 [0.64698059]
 [0.63551284]
 [0.6437581 ]
 [0.63611787]
 [0.63973497]
 [0.63924096]
 [0.64245025]
 [0.64171039]
 [0.64729743]
 [0.64337338]
 [0.64196021]
 [0.64766285]
 [0.66304682]
 [0.65674387]
 [0.64603397]
 [0.65011939]
 [0.64591289]
 [0.64152997]
 [0.64851716]
 [0.64865413]
 [0.6486337 ]
 [0.65044313]
 [0.64748265]
 [0.65010565]
 [0.65242152]
 [0.6587704 ]
 [0.64992269]
 [0.65063984]
 [0.65368227]
 [0.65758498]
 [0.65344467]
 [0.65459804]
 [0.65243796]
 [0.6553799 ]
 [0.66246457]
 [0.65791909]
 [0.65625245]
 [0.65868959]
 [0.65844799]
 [0.67341776]
 [0.66086695]
 [0.65844006]
 [0.65952839]
 [0.65908594]
 [0.65233468]
 [0.66571335]
 [0.6641338 ]
 [0.66535331]
 [0.66020238]
 [0.66704344]
 [0.66420543]
 [0.66269926]
 [0.66364489]
 [0.66716732]
 [0.68492551]
 [0.66325448]
 [0.66620912]
 [0.66762919]
 [0.66811676]
 [0.67076889]
 [0.67280792]
 [0.66878112]
 [0.67310014]
 [0.67095065]
 [0.66982476]
 [0.67062621]
 [0.67559634]
 [0.67397738]
 [0.67048069]
 [0.67419896]
 [0.66467564]
 [0.67628026]
 [0.67370718]
 [0.67541227]
 [0.68041329]
 [0.67462371]
 [0.67643581]
 [0.67189903]
 [0.67086111]
 [0.67949854]
 [0.67850832]
 [0.67840494]
 [0.68456498]
 [0.68051676]
 [0.69898354]
 [0.68060911]
 [0.68240769]
 [0.68025955]
 [0.68595094]
 [0.68523127]
 [0.67539012]
 [0.68392683]
 [0.6881484 ]
 [0.69040087]
 [0.68772337]
 [0.68678294]
 [0.68596183]
 [0.68844882]
 [0.70936791]
 [0.68703499]
 [0.68951245]
 [0.69556029]
 [0.68995335]
 [0.68724709]
 [0.70272262]
 [0.69379245]
 [0.69173916]
 [0.69334819]
 [0.70224024]
 [0.69216001]
 [0.70004148]
 [0.69599695]
 [0.69888736]
 [0.69545899]
 [0.69818197]
 [0.69817975]
 [0.69688264]
 [0.69991027]
 [0.69976035]
 [0.70135146]
 [0.69909714]
 [0.70176616]
 [0.7050013 ]
 [0.7021258 ]
 [0.70270758]
 [0.70208705]
 [0.70267719]
 [0.70629754]
 [0.70584754]
 [0.70623743]
 [0.70771667]
 [0.70749869]
 [0.70853061]
 [0.70820135]
 [0.70672991]
 [0.69704334]
 [0.7110301 ]
 [0.71077979]
 [0.71201757]
 [0.71074566]
 [0.71528928]
 [0.71299775]
 [0.71337961]
 [0.7047597 ]
 [0.71706316]
 [0.71498665]
 [0.72756567]
 [0.71637679]
 [0.71882412]
 [0.70398625]
 [0.72188963]
 [0.71954049]
 [0.72109027]
 [0.72002984]
 [0.72302793]
 [0.72174237]
 [0.72137822]
 [0.72498968]
 [0.72387299]
 [0.73063702]
 [0.72667606]
 [0.72699244]
 [0.72527635]
 [0.72575719]
 [0.72888862]
 [0.72659513]
 [0.72486374]
 [0.72930249]
 [0.72861545]
 [0.72821731]
 [0.73589233]
 [0.7388862 ]
 [0.72811966]
 [0.72977754]
 [0.7312799 ]
 [0.73153877]
 [0.7337086 ]
 [0.7356877 ]
 [0.73291534]
 [0.73166209]
 [0.73562541]
 [0.74282461]
 [0.73386469]
 [0.7293619 ]
 [0.73504864]
 [0.73735537]
 [0.73840436]
 [0.73651552]
 [0.73978738]
 [0.7397607 ]
 [0.75530098]
 [0.74133125]
 [0.74184361]
 [0.74383131]
 [0.74164291]
 [0.74191369]
 [0.74428624]
 [0.74819588]
 [0.74514564]
 [0.74646074]
 [0.74625361]
 [0.75027062]
 [0.749394  ]
 [0.75217278]
 [0.74832132]
 [0.74702646]
 [0.750365  ]
 [0.74870556]
 [0.75109109]
 [0.74832404]
 [0.75657406]
 [0.75713538]
 [0.76262925]
 [0.75037709]
 [0.75000941]
 [0.75325885]
 [0.75559025]
 [0.75385382]
 [0.76111694]
 [0.75550112]
 [0.75445237]
 [0.75372122]
 [0.75678487]
 [0.75370192]
 [0.75941417]
 [0.75957508]
 [0.76395735]
 [0.75480156]
 [0.75526039]
 [0.75576982]
 [0.76830162]
 [0.75962308]
 [0.75642096]
 [0.75774625]
 [0.76138732]
 [0.76119853]
 [0.76195302]
 [0.76197893]
 [0.74717592]
 [0.76247504]
 [0.7644736 ]
 [0.76399474]
 [0.76574092]
 [0.76553213]
 [0.76634974]
 [0.76421172]
 [0.75688237]
 [0.76944686]
 [0.77013485]
 [0.77261305]
 [0.7621581 ]
 [0.76472629]
 [0.77511022]
 [0.77202654]
 [0.77385469]
 [0.76864571]
 [0.77046482]
 [0.77374482]
 [0.77571704]
 [0.77716291]
 [0.76907215]
 [0.77555003]
 [0.77499685]
 [0.77607235]
 [0.77135982]
 [0.77563087]
 [0.77613941]
 [0.77324468]
 [0.77811022]
 [0.77609683]
 [0.78038535]
 [0.78026806]
 [0.78285914]
 [0.78184876]
 [0.77763248]
 [0.77644968]
 [0.78310901]
 [0.78392128]
 [0.78543374]
 [0.78214052]
 [0.78869778]
 [0.78412258]
 [0.78192555]
 [0.78844266]
 [0.78878273]
 [0.7855034 ]
 [0.79024056]
 [0.79310746]
 [0.78966829]
 [0.79392331]
 [0.79328806]
 [0.79224091]
 [0.79489669]
 [0.79435371]
 [0.79492925]
 [0.79580705]
 [0.78938321]
 [0.79813799]
 [0.79428827]
 [0.79782548]
 [0.79418291]
 [0.79796532]
 [0.79823653]
 [0.80128948]
 [0.79797339]
 [0.79967439]
 [0.80087671]
 [0.79375981]
 [0.80343657]
 [0.80474761]
 [0.80261062]
 [0.80529862]
 [0.80129889]
 [0.80400052]
 [0.79436113]
 [0.80805243]
 [0.8061895 ]
 [0.80918881]
 [0.80589956]
 [0.80877548]
 [0.80204207]
 [0.81317986]
 [0.80704836]
 [0.8032858 ]
 [0.81045573]
 [0.80959346]
 [0.80833131]
 [0.810274  ]
 [0.81098904]
 [0.81598162]
 [0.81563378]
 [0.81480561]
 [0.81557113]
 [0.81284056]
 [0.81590978]
 [0.81725823]
 [0.81897046]
 [0.81735769]
 [0.8128609 ]
 [0.81623839]
 [0.81863427]
 [0.82287727]
 [0.82009179]
 [0.81908312]
 [0.81963321]
 [0.81843728]
 [0.81796676]
 [0.82190729]
 [0.82241327]
 [0.81758872]
 [0.82257398]
 [0.81461072]
 [0.82474672]
 [0.82771406]
 [0.8303028 ]
 [0.8219911 ]
 [0.82210182]
 [0.83089853]
 [0.83574806]
 [0.8266199 ]
 [0.83242227]
 [0.82929527]
 [0.8301486 ]
 [0.83321687]
 [0.81645867]
 [0.8294378 ]
 [0.82698064]
 [0.82951383]
 [0.83217686]
 [0.83684778]
 [0.83990872]
 [0.8317541 ]
 [0.83145366]
 [0.8249924 ]
 [0.83074311]
 [0.83698981]
 [0.84192458]
 [0.86224354]
 [0.83918604]
 [0.8370951 ]
 [0.84357258]
 [0.84388206]
 [0.84290311]
 [0.84516949]
 [0.84172727]
 [0.8312645 ]
 [0.84342107]
 [0.84915981]
 [0.83942575]
 [0.84667256]
 [0.84920232]
 [0.84001638]
 [0.84827591]
 [0.852548  ]
 [0.83523144]
 [0.85304284]
 [0.8547205 ]
 [0.85042669]
 [0.8565211 ]
 [0.85353314]
 [0.85763061]
 [0.85390098]
 [0.8554781 ]
 [0.85061531]
 [0.86178871]
 [0.85103642]
 [0.85497897]
 [0.84641777]
 [0.87655343]
 [0.86657506]
 [0.85757191]
 [0.85894073]
 [0.85933116]
 [0.8729168 ]
 [0.85603898]
 [0.86914064]
 [0.86092749]
 [0.86791711]
 [0.86203626]
 [0.85203377]
 [0.85569216]
 [0.87081516]
 [0.85570373]
 [0.86089782]
 [0.87034456]
 [0.88195022]
 [0.87460511]
 [0.86757986]
 [0.86913434]
 [0.88735042]
 [0.8602616 ]
 [0.87150264]
 [0.8735145 ]
 [0.87132619]
 [0.86900794]
 [0.8660771 ]
 [0.86834969]
 [0.86922647]
 [0.87326398]
 [0.88890979]
 [0.87498505]
 [0.87443438]
 [0.90537787]
 [0.90627954]
 [0.8816854 ]
 [0.88340839]
 [0.87964634]
 [0.87478341]
 [0.88505857]
 [0.88094265]
 [0.88967821]
 [0.88480362]
 [0.89526992]
 [0.88160946]
 [0.88771219]
 [0.89774285]
 [0.8631367 ]
 [0.8875025 ]
 [0.88426391]
 [0.89685559]
 [0.90126039]
 [0.88843656]
 [0.89015347]
 [0.90119878]
 [0.86624085]
 [0.89120526]
 [0.88881943]
 [0.83523312]
 [0.90664802]
 [0.90869063]
 [0.89836298]
 [0.89424286]
 [0.83579039]
 [0.90422453]
 [0.93919561]
 [0.90120519]
 [0.86549449]
 [0.8601923 ]
 [0.85729195]
 [0.89388569]
 [0.89545463]
 [0.87035059]
 [0.89827348]
 [0.89796381]
 [0.90826058]
 [0.85961912]
 [0.90787325]
 [0.93989074]
 [0.92849324]
 [0.8790841 ]
 [0.89655156]]