[[0.51687892]
 [0.53010957]
 [0.5168264 ]
 [0.52801525]
 [0.52909431]
 [0.5303695 ]
 [0.52945145]
 [0.53331126]
 [0.52850231]
 [0.53424661]
 [0.53237915]
 [0.53457547]
 [0.53027125]
 [0.53483678]
 [0.53437287]
 [0.53601275]
 [0.53664903]
 [0.53581727]
 [0.52924434]
 [0.53716526]
 [0.53872464]
 [0.53842215]
 [0.53786784]
 [0.53501286]
 [0.53920848]
 [0.54294812]
 [0.53693722]
 [0.54010099]
 [0.53568005]
 [0.53962069]
 [0.54250386]
 [0.54503446]
 [0.53726742]
 [0.53903175]
 [0.5446527 ]
 [0.54548978]
 [0.54773291]
 [0.54624808]
 [0.5484515 ]
 [0.54756914]
 [0.54316057]
 [0.55161693]
 [0.54412858]
 [0.54145546]
 [0.54874333]
 [0.5475037 ]
 [0.54211219]
 [0.55224438]
 [0.54915795]
 [0.55082323]
 [0.54511383]
 [0.55473567]
 [0.55509834]
 [0.55509413]
 [0.55938798]
 [0.55084257]
 [0.55342314]
 [0.55457867]
 [0.55718827]
 [0.55378733]
 [0.54438709]
 [0.56007715]
 [0.55177124]
 [0.56172053]
 [0.5611294 ]
 [0.56685002]
 [0.55935166]
 [0.55761449]
 [0.55911105]
 [0.56655392]
 [0.55905293]
 [0.56249274]
 [0.56597478]
 [0.55921226]
 [0.56168367]
 [0.56677723]
 [0.56032168]
 [0.56802713]
 [0.56891861]
 [0.56557715]
 [0.56144243]
 [0.56471484]
 [0.56763396]
 [0.57132323]
 [0.56939317]
 [0.57115404]
 [0.56499433]
 [0.56580531]
 [0.5725379 ]
 [0.57025551]
 [0.57583333]
 [0.56986837]
 [0.57396795]
 [0.57710697]
 [0.58054839]
 [0.58037791]
 [0.57597039]
 [0.57695744]
 [0.58251512]
 [0.57881612]
 [0.5804077 ]
 [0.58104607]
 [0.58700274]
 [0.57941559]
 [0.58021297]
 [0.58343086]
 [0.58609196]
 [0.58103519]
 [0.59370258]
 [0.58501968]
 [0.58562267]
 [0.56921553]
 [0.59005711]
 [0.58468645]
 [0.58391909]
 [0.58589069]
 [0.58880645]
 [0.58772419]
 [0.5864626 ]
 [0.58860476]
 [0.59029964]
 [0.59961734]
 [0.5673937 ]
 [0.58709413]
 [0.5922871 ]
 [0.59116727]
 [0.58669183]
 [0.58965644]
 [0.5894431 ]
 [0.58171545]
 [0.59162727]
 [0.58863736]
 [0.58666687]
 [0.59012529]
 [0.5915942 ]
 [0.5974453 ]
 [0.58620263]
 [0.59295109]
 [0.5997641 ]
 [0.59134752]
 [0.60191009]
 [0.59626686]
 [0.59689349]
 [0.59779648]
 [0.59722251]
 [0.59769917]
 [0.60230318]
 [0.61137275]
 [0.60405334]
 [0.6038293 ]
 [0.60600082]
 [0.60203726]
 [0.60201422]
 [0.60021601]
 [0.60573363]
 [0.60407758]
 [0.60701899]
 [0.61691348]
 [0.60968334]
 [0.60837548]
 [0.60047617]
 [0.6171707 ]
 [0.61567212]
 [0.61115991]
 [0.61453946]
 [0.61503425]
 [0.61669975]
 [0.61606649]
 [0.61610856]
 [0.61814979]
 [0.61426654]
 [0.6193803 ]
 [0.61693761]
 [0.6164817 ]
 [0.61713971]
 [0.62160785]
 [0.62440562]
 [0.63359518]
 [0.61813978]
 [0.61501359]
 [0.62168401]
 [0.61809628]
 [0.6214031 ]
 [0.62381319]
 [0.63386047]
 [0.62340629]
 [0.62734247]
 [0.62439041]
 [0.62986698]
 [0.63358811]
 [0.63089877]
 [0.62588528]
 [0.63110255]
 [0.63073137]
 [0.6330413 ]
 [0.63361297]
 [0.63091964]
 [0.62816028]
 [0.63438699]
 [0.62855562]
 [0.63421362]
 [0.63543612]
 [0.63207194]
 [0.64534116]
 [0.63214124]
 [0.63729625]
 [0.63535249]
 [0.63939029]
 [0.63821341]
 [0.6410948 ]
 [0.63981432]
 [0.64258579]
 [0.63782579]
 [0.64230933]
 [0.64548958]
 [0.65808687]
 [0.65473755]
 [0.64005858]
 [0.64623055]
 [0.64647599]
 [0.64882192]
 [0.64673003]
 [0.64634668]
 [0.64200072]
 [0.65270446]
 [0.64879993]
 [0.64787999]
 [0.64861456]
 [0.65334933]
 [0.64625662]
 [0.65007608]
 [0.65619864]
 [0.65473431]
 [0.65063707]
 [0.6516167 ]
 [0.65229901]
 [0.65506783]
 [0.65739118]
 [0.65561555]
 [0.65795725]
 [0.65884085]
 [0.6523672 ]
 [0.66856058]
 [0.65401624]
 [0.65713495]
 [0.64386173]
 [0.65622681]
 [0.64904829]
 [0.66179081]
 [0.65770793]
 [0.65898775]
 [0.65952497]
 [0.66005219]
 [0.6634163 ]
 [0.65615211]
 [0.6607759 ]
 [0.66486525]
 [0.66917916]
 [0.65434203]
 [0.66327871]
 [0.66570852]
 [0.66439571]
 [0.66874722]
 [0.67124453]
 [0.66710632]
 [0.66835005]
 [0.66720404]
 [0.66763295]
 [0.66949605]
 [0.67481158]
 [0.6717441 ]
 [0.6716897 ]
 [0.67267425]
 [0.66655006]
 [0.67323423]
 [0.67011155]
 [0.6718524 ]
 [0.67662401]
 [0.67371167]
 [0.67345643]
 [0.67358555]
 [0.67186231]
 [0.67586177]
 [0.67741842]
 [0.67676412]
 [0.67986607]
 [0.67416873]
 [0.68539188]
 [0.6775754 ]
 [0.67851539]
 [0.67920632]
 [0.68452559]
 [0.68259448]
 [0.67512064]
 [0.68135737]
 [0.68553398]
 [0.68573805]
 [0.68555484]
 [0.68460134]
 [0.68336248]
 [0.68655939]
 [0.70238386]
 [0.68489811]
 [0.68827888]
 [0.69141093]
 [0.68859747]
 [0.68646292]
 [0.70531024]
 [0.68985625]
 [0.68867541]
 [0.69166446]
 [0.69540602]
 [0.69032297]
 [0.69590624]
 [0.69826951]
 [0.69262546]
 [0.69378699]
 [0.69449026]
 [0.69200536]
 [0.69282517]
 [0.69753613]
 [0.69486533]
 [0.69897245]
 [0.69556792]
 [0.69719877]
 [0.70342286]
 [0.702478  ]
 [0.70150313]
 [0.69764211]
 [0.69980013]
 [0.70117245]
 [0.70317681]
 [0.70343555]
 [0.70713237]
 [0.70304005]
 [0.71081593]
 [0.70560637]
 [0.70528081]
 [0.68731568]
 [0.70900616]
 [0.70791408]
 [0.70897379]
 [0.70598769]
 [0.71360352]
 [0.71080358]
 [0.71436422]
 [0.68772803]
 [0.71380583]
 [0.71364356]
 [0.72417061]
 [0.71519766]
 [0.7128073 ]
 [0.6934633 ]
 [0.71927431]
 [0.71813788]
 [0.71621811]
 [0.72097418]
 [0.72109989]
 [0.71832247]
 [0.71948887]
 [0.72113695]
 [0.7220359 ]
 [0.72350578]
 [0.72431317]
 [0.72567697]
 [0.72319047]
 [0.7249257 ]
 [0.72637419]
 [0.72316385]
 [0.72410734]
 [0.72792425]
 [0.72721735]
 [0.7274673 ]
 [0.7286774 ]
 [0.74678505]
 [0.72788748]
 [0.72542671]
 [0.73030392]
 [0.7297435 ]
 [0.73174878]
 [0.73306702]
 [0.73093691]
 [0.7257808 ]
 [0.73380668]
 [0.73615354]
 [0.73563015]
 [0.72790637]
 [0.72855544]
 [0.73512048]
 [0.73785112]
 [0.73015186]
 [0.7384453 ]
 [0.73445966]
 [0.7577997 ]
 [0.73964202]
 [0.73883161]
 [0.74354095]
 [0.7370489 ]
 [0.74101159]
 [0.73857558]
 [0.74907433]
 [0.73741481]
 [0.75223696]
 [0.74632849]
 [0.75195559]
 [0.74522774]
 [0.74890596]
 [0.74687479]
 [0.74632675]
 [0.74586012]
 [0.74781426]
 [0.75066563]
 [0.74557821]
 [0.75927815]
 [0.75090412]
 [0.75747991]
 [0.7492378 ]
 [0.74800315]
 [0.74711739]
 [0.75260187]
 [0.74762344]
 [0.75465397]
 [0.75645852]
 [0.75265195]
 [0.75329403]
 [0.75345956]
 [0.75331154]
 [0.75587083]
 [0.75543556]
 [0.7577199 ]
 [0.75363365]
 [0.75533132]
 [0.75080032]
 [0.76397965]
 [0.75303687]
 [0.75148859]
 [0.75508342]
 [0.75751871]
 [0.76022402]
 [0.75850932]
 [0.76107222]
 [0.74590737]
 [0.76280264]
 [0.7631772 ]
 [0.76281352]
 [0.76092931]
 [0.76899304]
 [0.76353572]
 [0.76316129]
 [0.76133012]
 [0.76349635]
 [0.76955949]
 [0.76634373]
 [0.76255972]
 [0.76320192]
 [0.770674  ]
 [0.76597978]
 [0.76828897]
 [0.76745355]
 [0.77078082]
 [0.76898741]
 [0.77788693]
 [0.77291481]
 [0.76733173]
 [0.77377485]
 [0.77456025]
 [0.77409666]
 [0.77129267]
 [0.7733676 ]
 [0.77529867]
 [0.77093506]
 [0.7732132 ]
 [0.77643118]
 [0.77901643]
 [0.78312339]
 [0.77996978]
 [0.78065037]
 [0.77591966]
 [0.77480598]
 [0.7821462 ]
 [0.78709696]
 [0.78877041]
 [0.78054776]
 [0.78151481]
 [0.78340601]
 [0.77751993]
 [0.78692845]
 [0.78738649]
 [0.78447648]
 [0.78813379]
 [0.79640466]
 [0.78496987]
 [0.79018991]
 [0.78868926]
 [0.79103742]
 [0.77565799]
 [0.7883425 ]
 [0.78926141]
 [0.7933215 ]
 [0.78756797]
 [0.79001609]
 [0.79353848]
 [0.79628744]
 [0.79455725]
 [0.79270595]
 [0.79259996]
 [0.79774883]
 [0.79342506]
 [0.79572659]
 [0.79945914]
 [0.79320871]
 [0.80203999]
 [0.8014832 ]
 [0.80039028]
 [0.79469631]
 [0.79687525]
 [0.79901409]
 [0.79542615]
 [0.79393952]
 [0.80368454]
 [0.80546674]
 [0.80441023]
 [0.80705316]
 [0.80048267]
 [0.81648719]
 [0.80541881]
 [0.80431868]
 [0.80452702]
 [0.8083767 ]
 [0.8130687 ]
 [0.80681298]
 [0.80868744]
 [0.81447066]
 [0.81180545]
 [0.81384874]
 [0.81010948]
 [0.80722775]
 [0.81469918]
 [0.8162268 ]
 [0.80452769]
 [0.81272871]
 [0.80708082]
 [0.8138753 ]
 [0.81302679]
 [0.81956399]
 [0.81791201]
 [0.81715816]
 [0.81125528]
 [0.81562145]
 [0.81115567]
 [0.81697162]
 [0.79971169]
 [0.81373615]
 [0.82082835]
 [0.78939952]
 [0.82094081]
 [0.81604098]
 [0.82396011]
 [0.82458542]
 [0.81767297]
 [0.82638665]
 [0.8391115 ]
 [0.8312584 ]
 [0.83634005]
 [0.82805734]
 [0.82577032]
 [0.83030903]
 [0.80596507]
 [0.81189328]
 [0.81724486]
 [0.8199151 ]
 [0.82331889]
 [0.82601271]
 [0.83742443]
 [0.82104601]
 [0.82958512]
 [0.82047648]
 [0.81453864]
 [0.83336391]
 [0.83605875]
 [0.83775509]
 [0.83384434]
 [0.83042395]
 [0.83542484]
 [0.83850763]
 [0.83753673]
 [0.83438873]
 [0.83688107]
 [0.81487483]
 [0.83022273]
 [0.83355949]
 [0.82547644]
 [0.84423004]
 [0.84533231]
 [0.82185735]
 [0.8396468 ]
 [0.84704917]
 [0.82194236]
 [0.8493622 ]
 [0.84934669]
 [0.84348815]
 [0.84923572]
 [0.84504865]
 [0.84394899]
 [0.84666153]
 [0.84459826]
 [0.84833659]
 [0.85659076]
 [0.84914732]
 [0.84798824]
 [0.83250885]
 [0.8684599 ]
 [0.86428043]
 [0.85193488]
 [0.85735936]
 [0.85033988]
 [0.87023732]
 [0.85348302]
 [0.85745066]
 [0.85371975]
 [0.86699082]
 [0.85548867]
 [0.84348371]
 [0.84488979]
 [0.86608747]
 [0.84606591]
 [0.85183836]
 [0.86874316]
 [0.88207688]
 [0.86944   ]
 [0.85953677]
 [0.86447959]
 [0.88616352]
 [0.86236273]
 [0.85957899]
 [0.86865171]
 [0.86179592]
 [0.86322645]
 [0.85884281]
 [0.86237312]
 [0.86322772]
 [0.86772046]
 [0.88562722]
 [0.86136163]
 [0.86969508]
 [0.90337334]
 [0.90561461]
 [0.87530528]
 [0.88387826]
 [0.86197941]
 [0.86833405]
 [0.8791061 ]
 [0.86754723]
 [0.89035131]
 [0.8915598 ]
 [0.88817758]
 [0.87956627]
 [0.89041503]
 [0.89424123]
 [0.85785911]
 [0.88743587]
 [0.88159703]
 [0.89753842]
 [0.89982426]
 [0.87481811]
 [0.88573743]
 [0.90398484]
 [0.86234851]
 [0.88272831]
 [0.88083964]
 [0.8270134 ]
 [0.91071116]
 [0.91419468]
 [0.89976469]
 [0.90362794]
 [0.82970374]
 [0.89400298]
 [0.93221646]
 [0.90523638]
 [0.86986074]
 [0.8739566 ]
 [0.85312548]
 [0.89187673]
 [0.89427123]
 [0.8713559 ]
 [0.89252925]
 [0.90449835]
 [0.90760167]
 [0.84927192]
 [0.90380487]
 [0.94796417]
 [0.91837401]
 [0.86985725]
 [0.88992021]]