[[0.54094082]
 [0.48873816]
 [0.64717011]
 [0.55094496]
 [0.55765794]
 [0.54975483]
 [0.60801961]
 [0.49074642]
 [0.54705064]
 [0.49305076]
 [0.54355459]
 [0.60446287]
 [0.61085361]
 [0.46967994]
 [0.5786105 ]
 [0.61534536]
 [0.55416791]
 [0.63083774]
 [0.59688175]
 [0.63867035]
 [0.60603554]
 [0.55657305]
 [0.57892915]
 [0.62876823]
 [0.57184573]
 [0.49758397]
 [0.63070059]
 [0.63230862]
 [0.63148519]
 [0.62825003]
 [0.56072312]
 [0.49599462]
 [0.55725958]
 [0.63483162]
 [0.55676551]
 [0.56337559]
 [0.51362159]
 [0.59318022]
 [0.57821635]
 [0.56596947]
 [0.57831868]
 [0.56189139]
 [0.65942504]
 [0.62589419]
 [0.63458735]
 [0.59927958]
 [0.63090914]
 [0.56449682]
 [0.6388207 ]
 [0.63532237]
 [0.65830781]
 [0.64070908]
 [0.57824061]
 [0.62834546]
 [0.63203963]
 [0.60666915]
 [0.60585797]
 [0.59335656]
 [0.62662083]
 [0.66978543]
 [0.58182578]
 [0.52835888]
 [0.63148707]
 [0.60258378]
 [0.57243851]
 [0.60609513]
 [0.63340921]
 [0.64240313]
 [0.59616093]
 [0.62941001]
 [0.59322594]
 [0.61679639]
 [0.49288877]
 [0.63409501]
 [0.62841796]
 [0.65853241]
 [0.58837946]
 [0.51630495]
 [0.57765959]
 [0.61938265]
 [0.61575199]
 [0.6429369 ]
 [0.65022331]
 [0.63896146]
 [0.51983742]
 [0.5735051 ]
 [0.61741264]
 [0.5968635 ]
 [0.57955636]
 [0.61405806]
 [0.49721871]
 [0.64653601]
 [0.61504465]
 [0.61771245]
 [0.55761043]
 [0.62390084]
 [0.65840981]
 [0.65723719]
 [0.4967009 ]
 [0.5267991 ]
 [0.53325168]
 [0.62207922]
 [0.65440823]
 [0.65695964]
 [0.60181792]
 [0.66258473]
 [0.49912418]
 [0.65842181]
 [0.52293343]
 [0.62630503]
 [0.62548918]
 [0.64511774]
 [0.59314113]
 [0.66733034]
 [0.66389351]
 [0.63617138]
 [0.62862057]
 [0.62653033]
 [0.6529889 ]
 [0.6163955 ]
 [0.62941266]
 [0.53624815]
 [0.6873473 ]
 [0.68132567]
 [0.63345343]
 [0.63853013]
 [0.64291134]
 [0.67267079]
 [0.67838613]
 [0.66394964]
 [0.66803526]
 [0.67871459]
 [0.64025068]
 [0.60582424]
 [0.66835128]
 [0.62274902]
 [0.66443433]
 [0.67937477]
 [0.63879604]
 [0.6826573 ]
 [0.66302917]
 [0.67854626]
 [0.61424089]
 [0.68233078]
 [0.67229379]
 [0.66983135]
 [0.67076616]
 [0.61266533]
 [0.65671258]
 [0.64717859]
 [0.64724816]
 [0.6873008 ]
 [0.68485605]
 [0.69391529]
 [0.68941193]
 [0.69369173]
 [0.62807754]
 [0.61576588]
 [0.66200333]
 [0.70370425]
 [0.73473769]
 [0.60675979]
 [0.67369566]
 [0.65859621]
 [0.65616137]
 [0.65719174]
 [0.65802746]
 [0.61014886]
 [0.60939425]
 [0.66074686]
 [0.69083131]
 [0.65726202]
 [0.69705926]
 [0.71091002]
 [0.6320638 ]
 [0.58989792]
 [0.67651359]
 [0.54908245]
 [0.75015578]
 [0.60325972]
 [0.65692286]
 [0.74598404]
 [0.70270043]
 [0.69651805]
 [0.6392278 ]
 [0.64597727]
 [0.74584677]
 [0.6629448 ]
 [0.71417919]
 [0.68937548]
 [0.60359731]
 [0.61217916]
 [0.7061684 ]
 [0.65068572]
 [0.60430668]
 [0.71071323]
 [0.71452462]
 [0.76449995]
 [0.70960187]
 [0.76590728]
 [0.61731282]
 [0.7650583 ]
 [0.76509068]
 [0.69183245]
 [0.77419403]
 [0.66170549]
 [0.67356953]
 [0.62410938]
 [0.6757324 ]
 [0.73975615]
 [0.68011053]
 [0.73036303]
 [0.77222351]
 [0.76462788]
 [0.73912687]
 [0.70849768]
 [0.70808293]
 [0.7682069 ]
 [0.7292708 ]
 [0.67233346]
 [0.71256755]
 [0.69126395]
 [0.78013399]
 [0.77950788]
 [0.69690153]
 [0.77730435]
 [0.68772204]
 [0.72032619]
 [0.74216927]
 [0.69432071]
 [0.67089915]
 [0.70400443]
 [0.75256255]
 [0.78517289]
 [0.67731735]
 [0.67925289]
 [0.65073608]
 [0.74244091]
 [0.73233465]
 [0.64886302]
 [0.76836249]
 [0.7882913 ]
 [0.72608726]
 [0.78472339]
 [0.70555856]
 [0.64557017]
 [0.69028673]
 [0.72793837]
 [0.74721904]
 [0.8002374 ]
 [0.79230143]
 [0.69753056]
 [0.793657  ]
 [0.65863563]
 [0.78928162]
 [0.73177322]
 [0.74298205]
 [0.73847181]
 [0.73825219]
 [0.68953857]
 [0.78843605]
 [0.66475828]
 [0.78413158]
 [0.76799514]
 [0.71105395]
 [0.74806827]
 [0.66575074]
 [0.74517199]
 [0.71582449]
 [0.8119072 ]
 [0.75149036]
 [0.67436271]
 [0.75159643]
 [0.74861335]
 [0.75954008]
 [0.8036842 ]
 [0.67709362]
 [0.76315232]
 [0.72017859]
 [0.7525681 ]
 [0.63004106]
 [0.70897407]
 [0.67691082]
 [0.70215317]
 [0.71269239]
 [0.77680018]
 [0.80915769]
 [0.75587853]
 [0.71390534]
 [0.68543725]
 [0.79716524]
 [0.80109013]
 [0.76038431]
 [0.74674584]
 [0.72336954]
 [0.75135523]
 [0.77569591]
 [0.73209624]
 [0.74989481]
 [0.72452508]
 [0.73558689]
 [0.81265537]
 [0.81268511]
 [0.73847203]
 [0.77081801]
 [0.7352088 ]
 [0.74976328]
 [0.75574929]
 [0.69856649]
 [0.73413345]
 [0.74944988]
 [0.75266459]
 [0.80175736]
 [0.78166556]
 [0.74965844]
 [0.83170341]
 [0.66137447]
 [0.70301324]
 [0.83260229]
 [0.74839299]
 [0.7759082 ]
 [0.7090822 ]
 [0.74614474]
 [0.74277486]
 [0.7818938 ]
 [0.77837488]
 [0.77048964]
 [0.72884285]
 [0.82014449]
 [0.6916847 ]
 [0.70903928]
 [0.72712873]
 [0.72781057]
 [0.71929734]
 [0.68380236]
 [0.76078221]
 [0.7278343 ]
 [0.78786072]
 [0.77695611]
 [0.7227756 ]
 [0.73334268]
 [0.71786933]
 [0.83144273]
 [0.79017932]
 [0.76157703]
 [0.73225249]
 [0.78239273]
 [0.7968771 ]
 [0.74983022]
 [0.84969723]
 [0.76109791]
 [0.87668366]
 [0.7870047 ]
 [0.79634363]
 [0.75617426]
 [0.73034164]
 [0.79043952]
 [0.7939514 ]
 [0.81236167]
 [0.76482029]
 [0.81059369]
 [0.74906088]
 [0.79244022]
 [0.81172455]
 [0.80399235]
 [0.77558769]
 [0.8158103 ]
 [0.80829829]
 [0.75401055]
 [0.81784387]
 [0.70834454]
 [0.77428887]
 [0.74332752]
 [0.80091971]
 [0.80194224]
 [0.74334492]
 [0.78418964]
 [0.77692172]
 [0.78318473]
 [0.71375291]
 [0.81419193]
 [0.78452842]
 [0.86137761]
 [0.7564542 ]
 [0.80178664]
 [0.70027311]
 [0.81377231]
 [0.86262741]
 [0.79274636]
 [0.79435179]
 [0.86236806]
 [0.78983082]
 [0.81652577]
 [0.81457873]
 [0.79106923]
 [0.82470895]
 [0.77852146]
 [0.79536906]
 [0.7865732 ]
 [0.67306071]
 [0.71283089]
 [0.82550282]
 [0.80092495]
 [0.80113437]
 [0.8201776 ]
 [0.8359343 ]
 [0.82625014]
 [0.77932586]
 [0.74740516]
 [0.83825419]
 [0.78887292]
 [0.71905997]
 [0.88199471]
 [0.82107635]
 [0.83508889]
 [0.78834495]
 [0.80178329]
 [0.77857836]
 [0.69779321]
 [0.83167756]
 [0.83979149]
 [0.82269193]
 [0.82574889]
 [0.78602419]
 [0.79984802]
 [0.85034265]
 [0.80157165]
 [0.71438477]
 [0.84400227]
 [0.69149914]
 [0.77064829]
 [0.76833816]
 [0.81454503]
 [0.83600425]
 [0.84552255]
 [0.82419724]
 [0.79774081]
 [0.84786461]
 [0.80350624]
 [0.83807236]
 [0.80732195]
 [0.84639465]
 [0.80233857]
 [0.79651784]
 [0.77197713]
 [0.6980702 ]
 [0.77577973]
 [0.84367451]
 [0.756045  ]
 [0.80248426]
 [0.83280201]
 [0.76425525]
 [0.84246324]
 [0.88057275]
 [0.78309787]
 [0.72798514]
 [0.91230089]
 [0.84095802]
 [0.81941853]
 [0.80349699]
 [0.86660243]
 [0.79102782]
 [0.84762613]
 [0.81556329]
 [0.81980304]
 [0.80019869]
 [0.82621282]
 [0.78452536]
 [0.85362722]
 [0.83499835]
 [0.86180231]
 [0.92048333]
 [0.83596242]
 [0.81901084]
 [0.8278403 ]
 [0.86091559]
 [0.82517289]
 [0.80434836]
 [0.81979983]
 [0.85207163]
 [0.79625755]
 [0.82612978]
 [0.8311993 ]
 [0.85164692]
 [0.86883722]
 [0.85409776]
 [0.83972   ]
 [0.83582254]
 [0.82776967]
 [0.82874688]
 [0.83649479]
 [0.88645255]
 [0.88339753]
 [0.86958236]
 [0.75896616]
 [0.88058407]
 [0.86472257]
 [0.86035666]
 [0.83296017]
 [0.82946337]
 [0.87588793]
 [0.85589142]
 [0.83321917]
 [0.88178256]
 [0.88777672]
 [0.86344089]
 [0.84806382]
 [0.74333184]
 [0.88225787]
 [0.83938433]
 [0.83841219]
 [0.8755449 ]
 [0.8496349 ]
 [0.85733731]
 [0.88412604]
 [0.86491917]
 [0.88433698]
 [0.86262933]
 [0.88836218]
 [0.85190172]
 [0.8543955 ]
 [0.88413981]
 [0.8516881 ]
 [0.82301234]
 [0.85373936]
 [0.85723572]
 [0.85808341]
 [0.89503399]
 [0.8469511 ]
 [0.82188549]
 [0.85427412]
 [0.85862331]
 [0.88015949]
 [0.88213021]
 [0.85944727]
 [0.87076642]
 [0.85398384]
 [0.86329942]
 [0.8596321 ]
 [0.89885743]
 [0.89584426]
 [0.92188019]
 [0.86475689]
 [0.88302222]
 [0.88518551]
 [0.79144733]
 [0.84755298]
 [0.88779146]
 [0.85262811]
 [0.86944381]
 [0.88911184]
 [0.8780309 ]
 [0.92758608]
 [0.87251226]
 [0.90030069]
 [0.87967165]
 [0.90079695]
 [0.90371845]
 [0.88611618]
 [0.89391111]
 [0.90119551]
 [0.81694597]
 [0.84595795]
 [0.86227911]
 [0.87701865]
 [0.89307257]
 [0.88608307]
 [0.91167652]
 [0.89727083]
 [0.89084507]
 [0.86554221]
 [0.87672062]
 [0.89250317]
 [0.80111898]
 [0.8296281 ]
 [0.87138428]
 [0.8694541 ]
 [0.95126097]
 [0.840039  ]
 [0.89228378]
 [0.78948466]
 [0.87507195]
 [0.79387936]
 [0.90069598]
 [0.89407871]
 [0.88922449]
 [0.90640816]
 [0.87502548]
 [0.92699869]
 [0.93102479]
 [0.9490331 ]
 [0.9287877 ]
 [0.87708664]
 [0.91483407]
 [0.93003884]
 [0.89108255]
 [0.93507102]
 [0.97742161]
 [0.91859626]
 [0.93837199]
 [0.94514786]
 [0.92445142]
 [0.89990286]
 [0.96353078]
 [0.90219401]
 [0.94165886]
 [0.88622368]
 [0.93562051]
 [0.88690719]
 [0.90058437]
 [0.94087207]
 [0.81878087]
 [0.89840575]
 [0.95007692]
 [0.89651765]
 [0.98114445]
 [0.91714989]
 [0.89167141]
 [0.98723404]
 [0.90928197]
 [0.90684214]
 [0.96796304]
 [0.95974348]
 [0.96946433]
 [0.97661083]
 [0.96235285]
 [0.97509628]
 [0.7825736 ]
 [0.9317946 ]
 [0.97607791]
 [0.98111484]
 [0.9849175 ]
 [0.95330445]
 [0.77817305]
 [0.9890322 ]
 [0.94853904]
 [0.98659998]
 [0.99966361]
 [0.98918051]
 [0.99599573]
 [0.99655784]
 [1.00463284]
 [0.97141449]
 [0.9994652 ]
 [1.00837265]
 [0.97801282]
 [0.94966276]
 [0.9972048 ]
 [1.0092743 ]
 [1.01693802]
 [1.00360375]
 [1.01013765]
 [1.01272601]
 [0.97518712]
 [0.79816247]
 [0.98640584]
 [1.01373058]
 [1.02650875]
 [1.00796192]
 [0.78564529]
 [1.03089639]
 [1.02904572]
 [0.94967826]
 [1.02503973]
 [1.05676221]
 [1.05562203]
 [1.04866916]
 [0.79834719]
 [1.06158169]
 [1.0630169 ]
 [0.89749858]
 [1.05606097]
 [1.0598625 ]
 [1.06853721]
 [1.05985854]
 [0.9029548 ]
 [1.07433498]
 [0.96026571]
 [1.00096619]
 [0.82162337]
 [0.92603388]
 [0.90438611]
 [0.78544234]
 [0.78656554]
 [0.76664409]
 [0.96941958]
 [0.95006053]
 [0.90736803]
 [0.81770741]
 [0.97918466]
 [0.9082794 ]
 [0.81879697]
 [0.8118004 ]
 [0.84244001]]