[[0.55203452]
 [0.53732595]
 [0.56347939]
 [0.55119765]
 [0.56119954]
 [0.55095176]
 [0.51900785]
 [0.5286412 ]
 [0.56565596]
 [0.52811751]
 [0.5693065 ]
 [0.57364272]
 [0.58187909]
 [0.51402974]
 [0.58340005]
 [0.56758531]
 [0.54846044]
 [0.59403269]
 [0.48516766]
 [0.57009777]
 [0.55141969]
 [0.55650941]
 [0.58039867]
 [0.5893206 ]
 [0.56641687]
 [0.53614946]
 [0.58348134]
 [0.59747622]
 [0.59584687]
 [0.51556961]
 [0.559687  ]
 [0.53486428]
 [0.58995489]
 [0.5835946 ]
 [0.55523718]
 [0.56319446]
 [0.54104045]
 [0.56787071]
 [0.5546456 ]
 [0.56477691]
 [0.60902226]
 [0.58076094]
 [0.60570018]
 [0.60111017]
 [0.59076459]
 [0.48201712]
 [0.60380891]
 [0.60137144]
 [0.58659172]
 [0.59804743]
 [0.59084893]
 [0.61087172]
 [0.55753728]
 [0.5929533 ]
 [0.55161243]
 [0.59805281]
 [0.59482815]
 [0.60168357]
 [0.59939297]
 [0.60544164]
 [0.60890673]
 [0.56200162]
 [0.60746943]
 [0.53355304]
 [0.58411908]
 [0.58733015]
 [0.60436827]
 [0.5987896 ]
 [0.60484302]
 [0.61375447]
 [0.58947642]
 [0.51413791]
 [0.54740914]
 [0.58581599]
 [0.59852616]
 [0.59607705]
 [0.61042778]
 [0.55174588]
 [0.59582529]
 [0.51292957]
 [0.60511319]
 [0.61264588]
 [0.61585648]
 [0.608042  ]
 [0.55551241]
 [0.57698218]
 [0.60734794]
 [0.61288838]
 [0.58526451]
 [0.53045653]
 [0.5455348 ]
 [0.6102992 ]
 [0.54577777]
 [0.54739538]
 [0.59111825]
 [0.59766099]
 [0.56269586]
 [0.61637195]
 [0.54502139]
 [0.56464034]
 [0.56754696]
 [0.57671147]
 [0.56600744]
 [0.61341104]
 [0.5975037 ]
 [0.57981109]
 [0.54788066]
 [0.61560142]
 [0.59092824]
 [0.56978597]
 [0.57688353]
 [0.62029371]
 [0.59602667]
 [0.61595167]
 [0.6285002 ]
 [0.52802797]
 [0.58191734]
 [0.56886658]
 [0.6231764 ]
 [0.62596208]
 [0.58029599]
 [0.59007408]
 [0.64106062]
 [0.61139745]
 [0.59497027]
 [0.54959125]
 [0.60123485]
 [0.62114745]
 [0.6245641 ]
 [0.62757722]
 [0.62704889]
 [0.621012  ]
 [0.62024731]
 [0.6462432 ]
 [0.63717114]
 [0.6298062 ]
 [0.62233606]
 [0.6383905 ]
 [0.59307725]
 [0.64920825]
 [0.62731145]
 [0.64151029]
 [0.64424447]
 [0.63637079]
 [0.64094555]
 [0.62763056]
 [0.63387439]
 [0.61225499]
 [0.63849063]
 [0.59713583]
 [0.58493336]
 [0.64498769]
 [0.63669396]
 [0.62904751]
 [0.6439124 ]
 [0.63342338]
 [0.56600123]
 [0.64301587]
 [0.6219287 ]
 [0.6272138 ]
 [0.67402575]
 [0.63483757]
 [0.6362308 ]
 [0.61492024]
 [0.61514471]
 [0.60101643]
 [0.60299513]
 [0.6390045 ]
 [0.63801886]
 [0.62344475]
 [0.65070525]
 [0.63472392]
 [0.65652642]
 [0.64143748]
 [0.66158836]
 [0.65702764]
 [0.63044611]
 [0.60706562]
 [0.63816708]
 [0.65968646]
 [0.58755292]
 [0.62000489]
 [0.66264926]
 [0.6550412 ]
 [0.63838429]
 [0.67462985]
 [0.63914199]
 [0.62074586]
 [0.65151093]
 [0.65114555]
 [0.66448552]
 [0.67087656]
 [0.65252247]
 [0.64884677]
 [0.63565159]
 [0.65901509]
 [0.66977104]
 [0.65191609]
 [0.66102958]
 [0.65528294]
 [0.67517727]
 [0.68729194]
 [0.66125847]
 [0.65512872]
 [0.6498845 ]
 [0.66016415]
 [0.64274597]
 [0.67998865]
 [0.59945299]
 [0.65591751]
 [0.64052048]
 [0.68552785]
 [0.67784566]
 [0.71175016]
 [0.67620573]
 [0.6754958 ]
 [0.66625052]
 [0.73637064]
 [0.67423938]
 [0.56163048]
 [0.68364401]
 [0.61401207]
 [0.72670121]
 [0.73057234]
 [0.70675498]
 [0.71526283]
 [0.71633975]
 [0.67823454]
 [0.69129619]
 [0.69041713]
 [0.59871691]
 [0.71134342]
 [0.67838023]
 [0.73545794]
 [0.70887296]
 [0.57877927]
 [0.70167356]
 [0.69565914]
 [0.68744179]
 [0.68888443]
 [0.67690933]
 [0.69998046]
 [0.68836591]
 [0.75580902]
 [0.67834487]
 [0.55468973]
 [0.71821413]
 [0.70344883]
 [0.70236817]
 [0.66740879]
 [0.76388528]
 [0.66802207]
 [0.76622694]
 [0.71110924]
 [0.74351746]
 [0.69659611]
 [0.6878133 ]
 [0.70081208]
 [0.70480117]
 [0.72221922]
 [0.6884885 ]
 [0.58631161]
 [0.6823115 ]
 [0.68729683]
 [0.63459964]
 [0.71265825]
 [0.59002665]
 [0.71919018]
 [0.69530135]
 [0.73389642]
 [0.69693416]
 [0.70837455]
 [0.69914828]
 [0.71260556]
 [0.71105022]
 [0.67642002]
 [0.60878854]
 [0.71760906]
 [0.70180069]
 [0.70844166]
 [0.65891971]
 [0.71540068]
 [0.59110627]
 [0.66124371]
 [0.62936353]
 [0.7137763 ]
 [0.76593015]
 [0.71621872]
 [0.73695534]
 [0.64418607]
 [0.72092741]
 [0.6975045 ]
 [0.71166708]
 [0.70715227]
 [0.74415975]
 [0.72437946]
 [0.71747807]
 [0.7095086 ]
 [0.75235493]
 [0.74580419]
 [0.71882757]
 [0.74047443]
 [0.71294717]
 [0.71554625]
 [0.74253283]
 [0.78787593]
 [0.75444486]
 [0.74327502]
 [0.66005331]
 [0.76041835]
 [0.78196558]
 [0.73211208]
 [0.73457768]
 [0.73530559]
 [0.74165235]
 [0.80685984]
 [0.68141572]
 [0.65622548]
 [0.77631781]
 [0.76660045]
 [0.72567026]
 [0.69293735]
 [0.69918682]
 [0.76896024]
 [0.73819579]
 [0.7144118 ]
 [0.75359626]
 [0.68730621]
 [0.76764882]
 [0.74801386]
 [0.71442694]
 [0.6096025 ]
 [0.62214924]
 [0.64597389]
 [0.74569487]
 [0.75140688]
 [0.60128718]
 [0.7436678 ]
 [0.75497134]
 [0.7777739 ]
 [0.6247577 ]
 [0.73937021]
 [0.75997654]
 [0.72394115]
 [0.71734631]
 [0.75782131]
 [0.75473794]
 [0.74014325]
 [0.68835663]
 [0.77871149]
 [0.73264829]
 [0.76440807]
 [0.76157065]
 [0.7306403 ]
 [0.71787543]
 [0.70003623]
 [0.78222852]
 [0.73788589]
 [0.77816453]
 [0.72197682]
 [0.74789211]
 [0.79748453]
 [0.76837813]
 [0.76502159]
 [0.74181758]
 [0.72522515]
 [0.76499271]
 [0.753113  ]
 [0.66810844]
 [0.76573623]
 [0.7123857 ]
 [0.74216827]
 [0.68869018]
 [0.77247513]
 [0.7632781 ]
 [0.76080663]
 [0.79730683]
 [0.80403532]
 [0.75460778]
 [0.71034817]
 [0.75403842]
 [0.73206003]
 [0.78249105]
 [0.80746433]
 [0.78259614]
 [0.69764016]
 [0.76915974]
 [0.79506972]
 [0.75663033]
 [0.78630661]
 [0.80227137]
 [0.79490456]
 [0.77226915]
 [0.79216426]
 [0.75494745]
 [0.78893922]
 [0.68999589]
 [0.80787236]
 [0.64483427]
 [0.7384596 ]
 [0.71931837]
 [0.78137131]
 [0.79980024]
 [0.78958712]
 [0.79590758]
 [0.76578898]
 [0.77586077]
 [0.71615138]
 [0.80404148]
 [0.78492819]
 [0.72212794]
 [0.69665511]
 [0.83890224]
 [0.79403944]
 [0.79173682]
 [0.79664931]
 [0.76933129]
 [0.79075671]
 [0.78444563]
 [0.7639753 ]
 [0.8090351 ]
 [0.80371951]
 [0.80472167]
 [0.68286684]
 [0.66098555]
 [0.79469633]
 [0.65911466]
 [0.68451699]
 [0.79123661]
 [0.76984044]
 [0.71759854]
 [0.69812642]
 [0.82261689]
 [0.7843979 ]
 [0.81252099]
 [0.82565982]
 [0.72403209]
 [0.78085495]
 [0.67665524]
 [0.78504239]
 [0.81505567]
 [0.80882695]
 [0.72275928]
 [0.72201536]
 [0.81789952]
 [0.74684636]
 [0.79132484]
 [0.78732299]
 [0.8229574 ]
 [0.83177443]
 [0.81410722]
 [0.82191344]
 [0.81498107]
 [0.81867658]
 [0.72613013]
 [0.70386684]
 [0.82335724]
 [0.80390387]
 [0.78219691]
 [0.83879876]
 [0.80006843]
 [0.83166194]
 [0.80206881]
 [0.85445416]
 [0.85613556]
 [0.82279715]
 [0.85524145]
 [0.71533076]
 [0.79845588]
 [0.82725748]
 [0.82380589]
 [0.86370012]
 [0.83103262]
 [0.76108482]
 [0.82547043]
 [0.80582329]
 [0.75240145]
 [0.83803978]
 [0.86920997]
 [0.83685469]
 [0.84787254]
 [0.81559551]
 [0.79142547]
 [0.83134521]
 [0.80643319]
 [0.85058652]
 [0.84389392]
 [0.84248295]
 [0.78098623]
 [0.71750684]
 [0.81955322]
 [0.81735086]
 [0.82253212]
 [0.80136057]
 [0.8429952 ]
 [0.83422738]
 [0.84407156]
 [0.83797104]
 [0.81988729]
 [0.84584822]
 [0.83164945]
 [0.84449062]
 [0.86067344]
 [0.83916647]
 [0.81967008]
 [0.84203044]
 [0.84337778]
 [0.82730459]
 [0.80368609]
 [0.86685143]
 [0.83791585]
 [0.86056016]
 [0.8531348 ]
 [0.8328115 ]
 [0.84093807]
 [0.86445771]
 [0.81897816]
 [0.82686667]
 [0.84536375]
 [0.86004942]
 [0.84993601]
 [0.83534023]
 [0.89163912]
 [0.89147343]
 [0.83811094]
 [0.82209623]
 [0.85837065]
 [0.82590841]
 [0.85406822]
 [0.89545503]
 [0.72753334]
 [0.80465206]
 [0.86717681]
 [0.87049248]
 [0.78884525]
 [0.84612456]
 [0.89110413]
 [0.76068119]
 [0.73955965]
 [0.86057477]
 [0.83251563]
 [0.83674348]
 [0.81035883]
 [0.86278163]
 [0.87808159]
 [0.87102948]
 [0.84573141]
 [0.85962159]
 [0.87205318]
 [0.86851485]
 [0.87151044]
 [0.84610879]
 [0.84775633]
 [0.75674511]
 [0.85855049]
 [0.87076724]
 [0.84829951]
 [0.88728113]
 [0.8504811 ]
 [0.89171466]
 [0.88638895]
 [0.81137269]
 [0.91751628]
 [0.86366079]
 [0.75460021]
 [0.89090871]
 [0.88667403]
 [0.85765233]
 [0.85488824]
 [0.87595235]
 [0.90011921]
 [0.89446012]
 [0.88424675]
 [0.88389081]
 [0.94221745]
 [0.88926022]
 [0.85640246]
 [0.85248629]
 [0.92616826]
 [0.89035136]
 [0.83828786]
 [0.8866911 ]
 [0.81878834]
 [0.89340773]
 [0.89395529]
 [0.77069537]
 [0.89272615]
 [0.88989171]
 [0.87860039]
 [0.89268121]
 [0.87372753]
 [0.87320634]
 [0.84805238]
 [0.91420654]
 [0.89627205]
 [0.94471434]
 [0.88263352]
 [0.86139429]
 [0.91984473]
 [0.88478623]
 [0.87009012]
 [0.89993408]
 [0.94726639]
 [0.88314606]
 [0.94367769]
 [0.89700797]
 [0.88208906]
 [0.90058344]
 [0.87955877]
 [0.94316991]
 [0.91268506]
 [0.88742621]
 [0.90988245]
 [0.89330896]
 [0.9240159 ]
 [0.89281607]
 [0.93401269]
 [0.85823289]
 [0.89665173]
 [0.94456757]
 [0.89546677]
 [0.93263924]
 [0.90507588]
 [0.91917185]
 [0.90272217]
 [0.93312794]
 [0.93607241]
 [0.78999004]
 [0.95135135]
 [0.92101024]
 [0.92359926]
 [0.93908552]
 [0.95282921]
 [0.79539709]
 [0.92376385]
 [0.94507515]
 [0.9529745 ]
 [0.94739831]
 [0.94847371]
 [0.94421056]
 [0.94473709]
 [0.95420066]
 [0.96198819]
 [0.93928126]
 [0.95658013]
 [0.96691318]
 [0.92200555]
 [0.95827595]
 [0.97194853]
 [0.93651507]
 [0.96888117]
 [0.97429381]
 [0.95568635]
 [0.97135813]
 [0.80892115]
 [0.97043951]
 [0.98071186]
 [0.98667246]
 [0.98470836]
 [0.81343608]
 [0.9787251 ]
 [0.98536973]
 [1.00081737]
 [0.99256448]
 [0.96797106]
 [0.99920855]
 [1.00618409]
 [0.82191714]
 [1.00602874]
 [0.99133128]
 [0.86206132]
 [1.01703303]
 [0.99473171]
 [1.0185163 ]
 [1.00352675]
 [0.85828231]
 [1.01402885]
 [0.92435039]
 [1.01050558]
 [0.81899679]
 [0.87629471]
 [0.84324599]
 [0.80372523]
 [0.79640841]
 [0.79042555]
 [0.89819161]
 [0.91316244]
 [0.84472282]
 [0.80692974]
 [0.9012557 ]
 [0.85268792]
 [0.8415301 ]
 [0.82912173]
 [0.84231711]]