[[0.54192873]
 [0.46940495]
 [0.54111368]
 [0.44694532]
 [0.46341574]
 [0.44244179]
 [0.41861577]
 [0.46292091]
 [0.47076235]
 [0.46322897]
 [0.48161988]
 [0.48625399]
 [0.50285202]
 [0.50639463]
 [0.46747543]
 [0.45116148]
 [0.44202322]
 [0.5094166 ]
 [0.58040275]
 [0.55021094]
 [0.47253292]
 [0.44704468]
 [0.4596708 ]
 [0.5268651 ]
 [0.46778063]
 [0.4756582 ]
 [0.5354046 ]
 [0.51140704]
 [0.53167157]
 [0.45459581]
 [0.45069116]
 [0.46530024]
 [0.56240245]
 [0.54724496]
 [0.44566068]
 [0.45568582]
 [0.47958446]
 [0.48315342]
 [0.45130054]
 [0.4576392 ]
 [0.55848116]
 [0.57495595]
 [0.49083444]
 [0.51204194]
 [0.55264462]
 [0.59278712]
 [0.51574776]
 [0.56747591]
 [0.55554931]
 [0.5400769 ]
 [0.48835001]
 [0.52091612]
 [0.45108472]
 [0.52464565]
 [0.44167459]
 [0.51724059]
 [0.51714303]
 [0.48914054]
 [0.53349259]
 [0.51003365]
 [0.56062877]
 [0.49047971]
 [0.51622375]
 [0.59217304]
 [0.58418005]
 [0.56081413]
 [0.52862262]
 [0.53259401]
 [0.49102105]
 [0.55459369]
 [0.46480964]
 [0.6006447 ]
 [0.52475045]
 [0.50110838]
 [0.50735381]
 [0.55840978]
 [0.56801865]
 [0.49588673]
 [0.58812128]
 [0.6044174 ]
 [0.52690367]
 [0.52722262]
 [0.52824117]
 [0.54627206]
 [0.5024511 ]
 [0.46751509]
 [0.52819167]
 [0.57247784]
 [0.48079887]
 [0.60414226]
 [0.53334879]
 [0.54090567]
 [0.60407936]
 [0.58344933]
 [0.50725741]
 [0.56961271]
 [0.45748514]
 [0.52710049]
 [0.53035221]
 [0.512504  ]
 [0.51017801]
 [0.61178385]
 [0.45742772]
 [0.52319791]
 [0.47914699]
 [0.46798376]
 [0.53248178]
 [0.52493695]
 [0.52718268]
 [0.59619056]
 [0.59667889]
 [0.5460359 ]
 [0.49158415]
 [0.56489186]
 [0.5579353 ]
 [0.61911717]
 [0.61702257]
 [0.59721492]
 [0.56024626]
 [0.50376677]
 [0.61863254]
 [0.53061501]
 [0.49510014]
 [0.57884617]
 [0.61518924]
 [0.6228198 ]
 [0.52750499]
 [0.57567425]
 [0.57984569]
 [0.55851637]
 [0.57394255]
 [0.53777768]
 [0.59015321]
 [0.6067245 ]
 [0.57073839]
 [0.506     ]
 [0.59431596]
 [0.55366995]
 [0.61146696]
 [0.55421431]
 [0.55618253]
 [0.5514546 ]
 [0.61876696]
 [0.58563581]
 [0.57825505]
 [0.5985937 ]
 [0.56207475]
 [0.50477249]
 [0.59190789]
 [0.62047819]
 [0.61765149]
 [0.58335197]
 [0.55016852]
 [0.54506225]
 [0.58295055]
 [0.54992806]
 [0.64610306]
 [0.62767638]
 [0.54630351]
 [0.5996933 ]
 [0.52738654]
 [0.5519662 ]
 [0.56306881]
 [0.63225663]
 [0.63048506]
 [0.630006  ]
 [0.6300828 ]
 [0.56163385]
 [0.56281327]
 [0.63586952]
 [0.60219504]
 [0.55073943]
 [0.59171834]
 [0.60627937]
 [0.64031907]
 [0.59110077]
 [0.55723758]
 [0.58599191]
 [0.61758092]
 [0.59682606]
 [0.67004129]
 [0.6264236 ]
 [0.60530808]
 [0.61021258]
 [0.53286275]
 [0.65128944]
 [0.62292112]
 [0.64936138]
 [0.62084257]
 [0.5752183 ]
 [0.59928093]
 [0.61026821]
 [0.61932286]
 [0.54886291]
 [0.58151031]
 [0.61603053]
 [0.60497154]
 [0.62991555]
 [0.61276133]
 [0.63119299]
 [0.62356662]
 [0.56094725]
 [0.63324809]
 [0.57596358]
 [0.63784368]
 [0.56202388]
 [0.68702925]
 [0.61704811]
 [0.68493915]
 [0.63257881]
 [0.66741122]
 [0.62197585]
 [0.63893172]
 [0.60032947]
 [0.62982257]
 [0.59793736]
 [0.58874404]
 [0.61862912]
 [0.63860815]
 [0.70641166]
 [0.58125737]
 [0.70519575]
 [0.60895672]
 [0.62270209]
 [0.59583998]
 [0.60800915]
 [0.67882874]
 [0.71870358]
 [0.63387084]
 [0.56856475]
 [0.69699577]
 [0.6098206 ]
 [0.64411964]
 [0.61505784]
 [0.68180662]
 [0.71319587]
 [0.64863375]
 [0.63111862]
 [0.65423149]
 [0.62671713]
 [0.64951401]
 [0.65376913]
 [0.61240158]
 [0.62470785]
 [0.68940149]
 [0.63378413]
 [0.68891682]
 [0.59675962]
 [0.63722356]
 [0.6664477 ]
 [0.62574464]
 [0.71425792]
 [0.62843196]
 [0.65241257]
 [0.65651433]
 [0.72671263]
 [0.64849776]
 [0.62441619]
 [0.62567473]
 [0.69424593]
 [0.65890678]
 [0.65352078]
 [0.66518435]
 [0.65390916]
 [0.72657812]
 [0.64596237]
 [0.65530368]
 [0.61350395]
 [0.70641675]
 [0.61067489]
 [0.65345346]
 [0.6458162 ]
 [0.65854593]
 [0.63538216]
 [0.61509434]
 [0.67799896]
 [0.6671822 ]
 [0.65151009]
 [0.72422807]
 [0.67058363]
 [0.6439314 ]
 [0.70178294]
 [0.66479366]
 [0.71097667]
 [0.73127811]
 [0.66704799]
 [0.67216672]
 [0.63860502]
 [0.71249995]
 [0.68379662]
 [0.6751007 ]
 [0.6797495 ]
 [0.67700156]
 [0.69225303]
 [0.71729104]
 [0.66535336]
 [0.67722376]
 [0.71943196]
 [0.73779328]
 [0.7192326 ]
 [0.72734034]
 [0.62768454]
 [0.70385252]
 [0.74347089]
 [0.6537821 ]
 [0.74220606]
 [0.75423478]
 [0.63787344]
 [0.69898578]
 [0.72312446]
 [0.74204845]
 [0.6472134 ]
 [0.68129339]
 [0.66731477]
 [0.66378166]
 [0.6710654 ]
 [0.67434914]
 [0.70017931]
 [0.67015021]
 [0.72440527]
 [0.68869587]
 [0.72148643]
 [0.72148535]
 [0.73027707]
 [0.67646194]
 [0.69321099]
 [0.75248766]
 [0.73359002]
 [0.68339136]
 [0.77158784]
 [0.72949035]
 [0.7108102 ]
 [0.71426655]
 [0.74965075]
 [0.76738509]
 [0.67779518]
 [0.71575599]
 [0.76087681]
 [0.64597319]
 [0.76660968]
 [0.71979632]
 [0.74753948]
 [0.69403625]
 [0.70207359]
 [0.73495388]
 [0.6948755 ]
 [0.64588908]
 [0.6902113 ]
 [0.76596254]
 [0.67072078]
 [0.7721451 ]
 [0.67511485]
 [0.65159584]
 [0.70769678]
 [0.7744067 ]
 [0.73889478]
 [0.77439959]
 [0.71172795]
 [0.6686216 ]
 [0.74480434]
 [0.6963553 ]
 [0.79467946]
 [0.73064242]
 [0.69449403]
 [0.70682682]
 [0.74476843]
 [0.69652135]
 [0.71230241]
 [0.74963888]
 [0.69679445]
 [0.71555129]
 [0.78236416]
 [0.7651564 ]
 [0.73963767]
 [0.73977475]
 [0.79049228]
 [0.76079531]
 [0.76909503]
 [0.76404787]
 [0.71930092]
 [0.71957886]
 [0.7520925 ]
 [0.72594214]
 [0.79974551]
 [0.73803388]
 [0.71141808]
 [0.68110334]
 [0.72429333]
 [0.7824241 ]
 [0.77232169]
 [0.72004906]
 [0.82384012]
 [0.72269205]
 [0.69517129]
 [0.79079284]
 [0.70651589]
 [0.78498781]
 [0.76491368]
 [0.77202799]
 [0.7073355 ]
 [0.72398883]
 [0.72572811]
 [0.73853661]
 [0.75942121]
 [0.77535722]
 [0.72154292]
 [0.74116446]
 [0.78297981]
 [0.72885146]
 [0.72828178]
 [0.79648474]
 [0.7293238 ]
 [0.73716264]
 [0.71648496]
 [0.72828288]
 [0.7550106 ]
 [0.80395368]
 [0.7961281 ]
 [0.69617079]
 [0.74013056]
 [0.71159294]
 [0.74870584]
 [0.78149475]
 [0.78066414]
 [0.78197056]
 [0.73004577]
 [0.7845258 ]
 [0.73652339]
 [0.73097596]
 [0.71523645]
 [0.7818548 ]
 [0.79193584]
 [0.78766034]
 [0.77050598]
 [0.71827974]
 [0.78631275]
 [0.8116856 ]
 [0.73154577]
 [0.78929562]
 [0.74811723]
 [0.84913881]
 [0.70283669]
 [0.80120759]
 [0.79976782]
 [0.74557467]
 [0.73648447]
 [0.73832389]
 [0.74590534]
 [0.74078415]
 [0.82147795]
 [0.74256088]
 [0.74541857]
 [0.75136236]
 [0.80940063]
 [0.78729608]
 [0.75081629]
 [0.73244285]
 [0.75702502]
 [0.81995543]
 [0.83358283]
 [0.75168039]
 [0.79476279]
 [0.7688024 ]
 [0.80473576]
 [0.86128593]
 [0.84413313]
 [0.86603133]
 [0.80344853]
 [0.78991108]
 [0.81819745]
 [0.72060872]
 [0.74147554]
 [0.82357626]
 [0.82343663]
 [0.80734438]
 [0.77184827]
 [0.82446044]
 [0.81851362]
 [0.81198783]
 [0.87507187]
 [0.80552752]
 [0.7588246 ]
 [0.82502632]
 [0.77910011]
 [0.8205737 ]
 [0.81226091]
 [0.85927664]
 [0.85685911]
 [0.83524004]
 [0.8253056 ]
 [0.76466619]
 [0.77164768]
 [0.74664578]
 [0.76869008]
 [0.75189466]
 [0.76636681]
 [0.77165626]
 [0.77158971]
 [0.81105883]
 [0.84089948]
 [0.77010387]
 [0.83749335]
 [0.86882509]
 [0.74075676]
 [0.77626202]
 [0.77445926]
 [0.79322234]
 [0.7421667 ]
 [0.77636192]
 [0.87468052]
 [0.84432875]
 [0.90283676]
 [0.79237248]
 [0.82839651]
 [0.77586846]
 [0.82498439]
 [0.78765693]
 [0.8410453 ]
 [0.77682042]
 [0.82186199]
 [0.80134373]
 [0.78538985]
 [0.89709674]
 [0.83400987]
 [0.78545842]
 [0.82452553]
 [0.81374743]
 [0.79300663]
 [0.83230065]
 [0.83577443]
 [0.84271548]
 [0.85317277]
 [0.90062429]
 [0.88155489]
 [0.86244893]
 [0.78996049]
 [0.79487554]
 [0.86035567]
 [0.85397108]
 [0.78979344]
 [0.80859276]
 [0.79690624]
 [0.85724511]
 [0.81953396]
 [0.8991612 ]
 [0.77663653]
 [0.83318345]
 [0.79840151]
 [0.83133918]
 [0.82301807]
 [0.80157415]
 [0.79947237]
 [0.8050778 ]
 [0.86582154]
 [0.82152318]
 [0.87686401]
 [0.81522577]
 [0.9007771 ]
 [0.81689168]
 [0.85377761]
 [0.89439887]
 [0.84752233]
 [0.85521977]
 [0.82190019]
 [0.86834606]
 [0.85199273]
 [0.8905395 ]
 [0.83802867]
 [0.81195933]
 [0.83497524]
 [0.83906036]
 [0.82894014]
 [0.84471801]
 [0.79072502]
 [0.86035635]
 [0.84751175]
 [0.88014074]
 [0.82198993]
 [0.86451087]
 [0.83346748]
 [0.82232041]
 [0.87729752]
 [0.80333492]
 [0.84976692]
 [0.83618903]
 [0.8804981 ]
 [0.83448718]
 [0.88330878]
 [0.85125632]
 [0.81785536]
 [0.82615343]
 [0.83077646]
 [0.85750535]
 [0.87414877]
 [0.8475779 ]
 [0.84688597]
 [0.81888421]
 [0.84445181]
 [0.87924491]
 [0.82283642]
 [0.83864294]
 [0.8642751 ]
 [0.84709241]
 [0.83725295]
 [0.84158044]
 [0.84320723]
 [0.89649903]
 [0.87060601]
 [0.89644612]
 [0.84559249]
 [0.87072841]
 [0.84777558]
 [0.87518397]
 [0.8624423 ]
 [0.8476298 ]
 [0.85139902]
 [0.89476431]
 [0.89939138]
 [0.85685338]
 [0.86178044]
 [0.91539692]
 [0.8661627 ]
 [0.87200414]
 [0.89226641]
 [0.86217299]
 [0.89405766]
 [0.87498692]
 [0.83363647]
 [0.90440865]
 [0.87235907]
 [0.87603229]
 [0.86847528]
 [0.90667777]
 [0.82535407]
 [0.9022235 ]
 [0.90841484]
 [0.90476867]
 [0.87955108]
 [0.91865289]
 [0.91644201]
 [0.91652232]
 [0.88218126]
 [0.91737778]
 [0.90188057]
 [0.88599412]
 [0.92514852]
 [0.9641373 ]
 [0.92503427]
 [0.89705673]
 [0.91032572]
 [0.92947442]
 [0.91716523]
 [0.90793759]
 [0.94205634]
 [0.86745189]
 [0.92066697]
 [0.94405082]
 [0.91662128]
 [0.94334759]
 [0.84962523]
 [0.94948381]
 [0.95725038]
 [0.93575071]
 [0.95528789]
 [0.929705  ]
 [0.92353118]
 [0.9281965 ]
 [0.85935873]
 [0.92965178]
 [0.93544167]
 [0.87103209]
 [0.94924749]
 [0.98371716]
 [0.95165985]
 [0.97976893]
 [0.87313388]
 [0.97119949]
 [0.95398166]
 [0.98542992]
 [0.87318094]
 [0.89442197]
 [0.90299463]
 [0.93090792]
 [0.9268092 ]
 [0.89365858]
 [0.92927394]
 [0.92716642]
 [0.98230061]
 [0.90285339]
 [0.97379855]
 [1.00198855]
 [0.9535905 ]
 [0.91103951]
 [0.9411991 ]]