[[0.50994399]
 [0.46287529]
 [0.56811538]
 [0.52447991]
 [0.53984443]
 [0.52670403]
 [0.50959205]
 [0.48367844]
 [0.51156933]
 [0.47964407]
 [0.51841932]
 [0.57137755]
 [0.56811095]
 [0.46715524]
 [0.51386121]
 [0.5357724 ]
 [0.52028954]
 [0.56707627]
 [0.46089068]
 [0.57310948]
 [0.55095826]
 [0.53352593]
 [0.51251812]
 [0.5800133 ]
 [0.54726983]
 [0.49927774]
 [0.57980388]
 [0.5769131 ]
 [0.58771208]
 [0.52344095]
 [0.5371063 ]
 [0.49198743]
 [0.52629263]
 [0.57810468]
 [0.52860657]
 [0.54151623]
 [0.51743706]
 [0.5588355 ]
 [0.53729241]
 [0.54330272]
 [0.55389244]
 [0.51792171]
 [0.55686234]
 [0.584038  ]
 [0.57611358]
 [0.46926947]
 [0.58672281]
 [0.53890372]
 [0.57762451]
 [0.58995332]
 [0.54995556]
 [0.58325185]
 [0.53891725]
 [0.58303221]
 [0.53508063]
 [0.57512908]
 [0.57637816]
 [0.52846899]
 [0.5850132 ]
 [0.56598706]
 [0.57180437]
 [0.53987835]
 [0.59004175]
 [0.52426733]
 [0.52595289]
 [0.59187985]
 [0.58867608]
 [0.58526458]
 [0.53143657]
 [0.57710455]
 [0.53761285]
 [0.49323287]
 [0.51324326]
 [0.58234412]
 [0.5920557 ]
 [0.59802065]
 [0.57498349]
 [0.50852008]
 [0.52707876]
 [0.49303594]
 [0.58512626]
 [0.59779733]
 [0.58944553]
 [0.59664398]
 [0.51968282]
 [0.55122274]
 [0.58702391]
 [0.57938324]
 [0.56150607]
 [0.51217188]
 [0.49793297]
 [0.59888963]
 [0.53568617]
 [0.52788271]
 [0.54726358]
 [0.60223721]
 [0.54174769]
 [0.60406862]
 [0.49748384]
 [0.5337402 ]
 [0.54479168]
 [0.54729866]
 [0.54883873]
 [0.60307395]
 [0.55863418]
 [0.55294605]
 [0.50019758]
 [0.60524196]
 [0.51832332]
 [0.5380584 ]
 [0.5412179 ]
 [0.60203451]
 [0.57498677]
 [0.60996875]
 [0.61868487]
 [0.5166009 ]
 [0.54622063]
 [0.54008907]
 [0.61144214]
 [0.55787076]
 [0.54412399]
 [0.51336664]
 [0.58694265]
 [0.60562261]
 [0.55521622]
 [0.52659027]
 [0.60083733]
 [0.6188607 ]
 [0.62392338]
 [0.61546735]
 [0.62202208]
 [0.59093562]
 [0.60673885]
 [0.57265196]
 [0.62687743]
 [0.57113508]
 [0.62796945]
 [0.60811749]
 [0.55415855]
 [0.60675897]
 [0.61729338]
 [0.62622988]
 [0.55941169]
 [0.63365478]
 [0.63298465]
 [0.63396586]
 [0.62338474]
 [0.58552757]
 [0.62530075]
 [0.55877549]
 [0.55528339]
 [0.63871911]
 [0.61854504]
 [0.59921096]
 [0.63823612]
 [0.6087104 ]
 [0.57467697]
 [0.56406175]
 [0.62053363]
 [0.62923897]
 [0.61580291]
 [0.57992348]
 [0.62867445]
 [0.56992164]
 [0.57128106]
 [0.56642089]
 [0.56714687]
 [0.58599242]
 [0.58739841]
 [0.57673782]
 [0.64872374]
 [0.62470844]
 [0.64923836]
 [0.63699815]
 [0.5749891 ]
 [0.56475717]
 [0.63135778]
 [0.56198348]
 [0.65648672]
 [0.55940619]
 [0.58714682]
 [0.64722643]
 [0.65807073]
 [0.65436129]
 [0.61174322]
 [0.58250828]
 [0.65773668]
 [0.58586443]
 [0.65528545]
 [0.64559794]
 [0.56666813]
 [0.57063634]
 [0.64845022]
 [0.62700614]
 [0.57207902]
 [0.65300515]
 [0.66296126]
 [0.67401863]
 [0.65118588]
 [0.67733587]
 [0.58173766]
 [0.6498872 ]
 [0.67976081]
 [0.65108415]
 [0.6771852 ]
 [0.63816606]
 [0.59309114]
 [0.57506204]
 [0.60410817]
 [0.66288734]
 [0.60259514]
 [0.68010691]
 [0.68669813]
 [0.66590091]
 [0.66761597]
 [0.66315042]
 [0.66229588]
 [0.68311951]
 [0.67624298]
 [0.59512576]
 [0.67451938]
 [0.61122953]
 [0.67643729]
 [0.69331666]
 [0.64098361]
 [0.6717911 ]
 [0.62228053]
 [0.63967585]
 [0.68961326]
 [0.64881112]
 [0.61268219]
 [0.63462048]
 [0.67746144]
 [0.68382262]
 [0.61091809]
 [0.60281501]
 [0.59954153]
 [0.69024472]
 [0.68684754]
 [0.59427903]
 [0.69014224]
 [0.70030295]
 [0.67844065]
 [0.69738324]
 [0.62274731]
 [0.54836219]
 [0.62042494]
 [0.68679735]
 [0.69632487]
 [0.69446331]
 [0.70087962]
 [0.61619021]
 [0.7042732 ]
 [0.6064626 ]
 [0.71136991]
 [0.64979264]
 [0.68045824]
 [0.68904183]
 [0.69029571]
 [0.62251674]
 [0.70154714]
 [0.5732607 ]
 [0.69020519]
 [0.69723726]
 [0.63070528]
 [0.70566168]
 [0.57433313]
 [0.70022083]
 [0.6371197 ]
 [0.69976368]
 [0.68720119]
 [0.61030538]
 [0.68945647]
 [0.69978564]
 [0.69962536]
 [0.70163831]
 [0.58953045]
 [0.71162007]
 [0.63032003]
 [0.7032434 ]
 [0.58980226]
 [0.67999224]
 [0.58309067]
 [0.63602796]
 [0.6402274 ]
 [0.71577537]
 [0.73013006]
 [0.70513339]
 [0.63519252]
 [0.60902484]
 [0.68092713]
 [0.70960704]
 [0.70262262]
 [0.68497817]
 [0.64285634]
 [0.69566909]
 [0.71923042]
 [0.66137944]
 [0.66717851]
 [0.64404886]
 [0.65693613]
 [0.69369938]
 [0.69745965]
 [0.65557802]
 [0.72245905]
 [0.66102395]
 [0.66537234]
 [0.7013654 ]
 [0.62502264]
 [0.66217998]
 [0.67396453]
 [0.71490965]
 [0.69400885]
 [0.72985237]
 [0.68910886]
 [0.74646572]
 [0.61616587]
 [0.62626558]
 [0.74681361]
 [0.67343491]
 [0.71598524]
 [0.65463994]
 [0.68735381]
 [0.67083302]
 [0.70484856]
 [0.72401643]
 [0.68355821]
 [0.67173197]
 [0.74271799]
 [0.65465376]
 [0.65645193]
 [0.62724132]
 [0.63407994]
 [0.68026101]
 [0.64740548]
 [0.7039861 ]
 [0.6321727 ]
 [0.67263799]
 [0.72378081]
 [0.67506311]
 [0.63912328]
 [0.67571156]
 [0.75420895]
 [0.73208135]
 [0.69944076]
 [0.64871373]
 [0.72730789]
 [0.74403651]
 [0.69348048]
 [0.73994135]
 [0.68911531]
 [0.76881651]
 [0.73161463]
 [0.73677666]
 [0.69021681]
 [0.67083859]
 [0.75919621]
 [0.74634665]
 [0.7447054 ]
 [0.70415205]
 [0.75089775]
 [0.69209239]
 [0.73362954]
 [0.7591838 ]
 [0.75208013]
 [0.71523245]
 [0.76046321]
 [0.75727127]
 [0.676614  ]
 [0.7612528 ]
 [0.66370768]
 [0.70672897]
 [0.70536915]
 [0.73566494]
 [0.73005284]
 [0.68214638]
 [0.69814701]
 [0.70764735]
 [0.71084431]
 [0.66124266]
 [0.76082631]
 [0.72435422]
 [0.77813869]
 [0.72354175]
 [0.74367691]
 [0.69157983]
 [0.75301772]
 [0.78175363]
 [0.73705422]
 [0.7247581 ]
 [0.78401272]
 [0.71279115]
 [0.75987171]
 [0.75470144]
 [0.73407784]
 [0.7647995 ]
 [0.72200572]
 [0.73454753]
 [0.70126969]
 [0.69104999]
 [0.69981122]
 [0.764178  ]
 [0.76116583]
 [0.74828856]
 [0.71224345]
 [0.77168868]
 [0.76144239]
 [0.72315908]
 [0.67369215]
 [0.78500324]
 [0.74442607]
 [0.70235116]
 [0.81299388]
 [0.75654842]
 [0.76485008]
 [0.77839226]
 [0.73393729]
 [0.69912278]
 [0.70275237]
 [0.76725962]
 [0.77521141]
 [0.7625192 ]
 [0.72256014]
 [0.70657865]
 [0.71350807]
 [0.79192108]
 [0.71682217]
 [0.69664436]
 [0.79175129]
 [0.69847512]
 [0.74848103]
 [0.73557625]
 [0.7202291 ]
 [0.75256849]
 [0.7810984 ]
 [0.73231645]
 [0.70853733]
 [0.78706831]
 [0.7176405 ]
 [0.77270196]
 [0.73474437]
 [0.78168046]
 [0.74506774]
 [0.73556282]
 [0.69094906]
 [0.7086968 ]
 [0.75420343]
 [0.7932927 ]
 [0.69032164]
 [0.77966626]
 [0.77499433]
 [0.68935204]
 [0.77622507]
 [0.7845858 ]
 [0.76641537]
 [0.70731135]
 [0.82562224]
 [0.77789692]
 [0.761     ]
 [0.79565441]
 [0.80638614]
 [0.81123327]
 [0.78388286]
 [0.73442878]
 [0.76102882]
 [0.72469984]
 [0.76763466]
 [0.75780995]
 [0.7684058 ]
 [0.75214843]
 [0.79798579]
 [0.82619649]
 [0.74888693]
 [0.76585183]
 [0.77168887]
 [0.79238355]
 [0.76533735]
 [0.7295759 ]
 [0.74796355]
 [0.76330389]
 [0.8289507 ]
 [0.77439437]
 [0.78376042]
 [0.78978148]
 [0.76604716]
 [0.76133351]
 [0.74106779]
 [0.73864021]
 [0.78013163]
 [0.75137279]
 [0.78176723]
 [0.82120819]
 [0.81093201]
 [0.81460597]
 [0.72294901]
 [0.8041719 ]
 [0.79873951]
 [0.80189358]
 [0.78197378]
 [0.80429971]
 [0.80350757]
 [0.77049379]
 [0.79926469]
 [0.81631959]
 [0.82573342]
 [0.80531319]
 [0.80506174]
 [0.74465196]
 [0.81733777]
 [0.80384996]
 [0.81592646]
 [0.7935217 ]
 [0.81695266]
 [0.78896097]
 [0.81096455]
 [0.79482308]
 [0.82707502]
 [0.82438054]
 [0.81373786]
 [0.81102527]
 [0.81477122]
 [0.8290474 ]
 [0.81078958]
 [0.77183994]
 [0.80347647]
 [0.78929212]
 [0.81789009]
 [0.8336017 ]
 [0.79224333]
 [0.87628321]
 [0.77990533]
 [0.81747381]
 [0.78301026]
 [0.76253014]
 [0.80410024]
 [0.83590289]
 [0.86382762]
 [0.79381235]
 [0.77751834]
 [0.82527783]
 [0.82402809]
 [0.83224961]
 [0.82382792]
 [0.8158196 ]
 [0.7792476 ]
 [0.74511991]
 [0.79391374]
 [0.8307319 ]
 [0.83298648]
 [0.82934424]
 [0.82648677]
 [0.85224306]
 [0.83985712]
 [0.79375893]
 [0.82524585]
 [0.7644332 ]
 [0.83107606]
 [0.77972134]
 [0.83949266]
 [0.80760194]
 [0.77399548]
 [0.77665581]
 [0.88898881]
 [0.82978278]
 [0.79427488]
 [0.82648539]
 [0.7719967 ]
 [0.82093583]
 [0.86362556]
 [0.83496255]
 [0.87513954]
 [0.86571652]
 [0.83696726]
 [0.76372173]
 [0.90271465]
 [0.85203003]
 [0.84892765]
 [0.8497902 ]
 [0.90715087]
 [0.84822902]
 [0.76429041]
 [0.8386187 ]
 [0.8924326 ]
 [0.84269567]
 [0.85543367]
 [0.81667549]
 [0.8517726 ]
 [0.84768849]
 [0.83747578]
 [0.85315864]
 [0.86781761]
 [0.85597381]
 [0.82476965]
 [0.84585253]
 [0.8600265 ]
 [0.90860764]
 [0.88893502]
 [0.87631167]
 [0.84992897]
 [0.89303067]
 [0.86662623]
 [0.85711879]
 [0.91678283]
 [0.8845816 ]
 [0.91553924]
 [0.86994315]
 [0.85892688]
 [0.86001007]
 [0.85790006]
 [0.92125835]
 [0.87239877]
 [0.80277137]
 [0.8796192 ]
 [0.9035908 ]
 [0.83418828]
 [0.89876639]
 [0.88582967]
 [0.86333543]
 [0.90300689]
 [0.94090624]
 [0.87390932]
 [0.89295784]
 [0.91746702]
 [0.88016182]
 [0.89684361]
 [0.89050357]
 [0.89901322]
 [0.94911338]
 [0.90433861]
 [0.92190487]
 [0.90374258]
 [0.90715023]
 [0.90963216]
 [0.94296921]
 [0.93784907]
 [0.92067878]
 [0.91517825]
 [0.91858831]
 [0.90681747]
 [0.90204039]
 [0.9032125 ]
 [0.9228568 ]
 [0.91899276]
 [0.937359  ]
 [0.92597055]
 [0.9220139 ]
 [0.94093433]
 [0.91680733]
 [0.93070837]
 [0.94915189]
 [0.92719433]
 [0.93477106]
 [0.95007575]
 [0.94142215]
 [0.98543846]
 [0.95931087]
 [0.93664193]
 [0.94676259]
 [0.93880141]
 [0.95995049]
 [0.93495672]
 [0.9433644 ]
 [0.94569794]
 [0.94796901]
 [0.96941457]
 [0.96841856]
 [0.96604275]
 [0.96619231]
 [0.97300287]
 [0.97795336]
 [0.8332551 ]
 [0.9757638 ]
 [0.95482102]
 [0.98270201]
 [0.96922522]
 [0.83171562]
 [0.98314108]
 [0.91226038]
 [1.00874905]
 [0.96874153]
 [0.87852592]
 [0.85966102]
 [0.90773788]
 [0.90301593]
 [0.89603895]
 [0.88122057]
 [0.89601207]
 [0.94133126]
 [0.93076443]
 [0.91174426]
 [0.9649494 ]
 [0.96416406]
 [0.97361684]
 [0.97362677]]